"BuildingID"
"363100012169207"
"363100012169207"
"363100012169207"
"363100012169209"
"363100012169210"
"363100012169210"
"363100012169210"
"363100012169279"
"363100012169279"
"363100012170915"
"363100012170915"
"363100012170915"
"363100012170917"
"363100012170917"
"363100012170917"
"363100012171044"
"363100012171044"
"363100012171044"
"363100012171045"
"363100012171045"
"363100012171045"
"363100012171046"
"363100012171046"
"363100012171046"
"363100012171048"
"363100012171048"
"363100012171048"
"363100012171050"
"363100012171050"
"363100012171051"
"363100012171051"
"363100012171052"
"363100012171052"
"363100012171053"
"363100012171053"
"363100012171053"
"363100012171054"
"363100012171054"
"363100012171054"
"363100012171055"
"363100012171055"
"363100012171055"
"363100012171056"
"363100012171056"
"363100012171056"
"363100012171057"
"363100012171058"
"363100012171058"
"363100012171058"
"363100012171059"
"363100012171059"
"363100012171059"
"363100012171060"
"363100012171060"
"363100012171060"
"363100012171082"
"363100012171082"
"363100012171082"
"363100012171084"
"363100012171084"
"363100012171084"
"363100012171087"
"363100012171087"
"363100012171087"
"363100012171088"
"363100012171088"
"363100012171088"
"363100012171091"
"363100012171091"
"363100012171091"
"363100012171092"
"363100012171092"
"363100012171092"
"363100012171093"
"363100012171093"
"363100012171093"
"363100012171412"
"363100012171412"
"363100012171412"
"363100012171413"
"363100012171413"
"363100012171413"
"363100012171931"
"363100012171931"
"363100012171931"
"363100012171932"
"363100012171932"
"363100012171932"
"363100012171933"
"363100012171933"
"363100012171933"
"363100012171934"
"363100012171934"
"363100012171934"
"363100012171935"
"363100012171935"
"363100012171935"
"363100012171936"
"363100012171936"
"363100012171936"
"363100012171937"
"363100012171937"
"363100012171937"
"363100012171938"
"363100012171938"
"363100012171938"
"363100012171939"
"363100012171939"
"363100012171939"
"363100012171940"
"363100012171940"
"363100012171940"
"363100012171941"
"363100012171941"
"363100012171941"
"363100012171942"
"363100012171942"
"363100012171942"
"363100012171943"
"363100012171943"
"363100012171943"
"363100012171944"
"363100012171944"
"363100012171944"
"363100012172020"
"363100012172021"
"363100012177676"
"363100012177676"
"363100012177676"
"363100012177679"
"363100012177679"
"363100012177679"
"363100012177680"
"363100012177680"
"363100012177680"
"363100012177681"
"363100012177681"
"363100012177681"
"363100012177683"
"363100012177683"
"363100012177683"
"363100012177684"
"363100012177684"
"363100012177684"
"363100012178086"
"363100012178086"
"363100012178086"
"363100012178132"
"363100012178505"
"363100012178505"
"363100012178567"
"363100012178567"
"363100012178567"
"363100012178568"
"363100012178570"
"363100012178570"
"363100012178572"
"363100012178572"
"363100012178573"
"363100012178573"
"363100012178574"
"363100012178574"
"363100012178575"
"363100012178575"
"363100012178576"
"363100012178576"
"363100012178577"
"363100012178579"
"363100012178579"
"363100012178579"
"363100012178580"
"363100012178580"
"363100012178580"
"363100012178581"
"363100012178581"
"363100012178581"
"363100012178582"
"363100012178582"
"363100012178582"
"363100012178583"
"363100012178583"
"363100012178584"
"363100012178584"
"363100012178585"
"363100012178585"
"363100012178586"
"363100012178587"
"363100012178588"
"363100012178588"
"363100012178588"
"363100012178589"
"363100012178589"
"363100012178589"
"363100012178592"
"363100012178592"
"363100012178592"
"363100012178607"
"363100012178607"
"363100012178607"
"363100012178608"
"363100012178608"
"363100012178609"
"363100012178609"
"363100012178609"
"363100012178610"
"363100012178610"
"363100012178610"
"363100012178611"
"363100012178611"
"363100012178611"
"363100012178612"
"363100012178612"
"363100012178613"
"363100012178613"
"363100012178613"
"363100012178615"
"363100012178615"
"363100012178615"
"363100012178617"
"363100012178617"
"363100012178617"
"363100012178618"
"363100012178618"
"363100012178618"
"363100012178664"
"363100012178664"
"363100012178665"
"363100012178665"
"363100012178665"
"363100012178666"
"363100012178666"
"363100012178666"
"363100012178667"
"363100012178667"
"363100012178667"
"363100012178668"
"363100012178669"
"363100012178669"
"363100012178669"
"363100012178671"
"363100012178671"
"363100012178672"
"363100012178672"
"363100012178672"
"363100012178673"
"363100012178673"
"363100012178673"
"363100012178674"
"363100012178674"
"363100012178674"
"363100012178675"
"363100012178675"
"363100012178676"
"363100012178676"
"363100012178676"
"363100012178677"
"363100012178677"
"363100012178681"
"363100012178682"
"363100012178682"
"363100012178682"
"363100012178684"
"363100012178684"
"363100012178685"
"363100012178685"
"363100012178687"
"363100012178687"
"363100012178687"
"363100012178691"
"363100012178691"
"363100012178691"
"363100012178692"
"363100012178692"
"363100012178692"
"363100012178693"
"363100012178696"
"363100012178696"
"363100012178696"
"363100012178699"
"363100012178699"
"363100012178699"
"363100012178700"
"363100012178701"
"363100012178701"
"363100012178701"
"363100012178703"
"363100012178703"
"363100012178703"
"363100012178704"
"363100012178704"
"363100012178704"
"363100012178705"
"363100012178705"
"363100012178705"
"363100012178707"
"363100012178707"
"363100012178707"
"363100012178708"
"363100012178708"
"363100012178708"
"363100012178710"
"363100012178710"
"363100012178710"
"363100012178756"
"363100012178758"
"363100012178758"
"363100012178759"
"363100012178759"
"363100012178759"
"363100012178767"
"363100012178767"
"363100012178767"
"363100012178768"
"363100012178768"
"363100012178768"
"363100012178770"
"363100012178770"
"363100012178770"
"363100012178771"
"363100012178773"
"363100012178773"
"363100012178774"
"363100012178774"
"363100012178774"
"363100012178777"
"363100012178777"
"363100012178777"
"363100012178779"
"363100012178779"
"363100012178779"
"363100012178780"
"363100012178780"
"363100012178780"
"363100012178781"
"363100012178781"
"363100012178782"
"363100012178782"
"363100012178782"
"363100012178783"
"363100012178783"
"363100012178783"
"363100012178785"
"363100012178785"
"363100012178785"
"363100012178786"
"363100012178786"
"363100012178786"
"363100012178787"
"363100012178787"
"363100012178787"
"363100012178789"
"363100012178789"
"363100012178789"
"363100012178790"
"363100012178790"
"363100012178797"
"363100012178797"
"363100012178797"
"363100012178798"
"363100012178799"
"363100012178799"
"363100012178799"
"363100012178800"
"363100012178800"
"363100012178800"
"363100012178801"
"363100012178801"
"363100012178801"
"363100012178867"
"363100012178867"
"363100012178867"
"363100012178868"
"363100012178868"
"363100012178868"
"363100012178869"
"363100012178869"
"363100012178869"
"363100012178870"
"363100012178870"
"363100012178871"
"363100012178871"
"363100012178871"
"363100012178872"
"363100012178872"
"363100012178872"
"363100012178873"
"363100012178873"
"363100012178873"
"363100012178879"
"363100012178879"
"363100012178879"
"363100012178881"
"363100012178881"
"363100012178881"
"363100012178882"
"363100012178882"
"363100012178882"
"363100012178884"
"363100012178884"
"363100012178884"
"363100012178886"
"363100012178886"
"363100012178886"
"363100012178958"
"363100012178958"
"363100012178958"
"363100012178959"
"363100012178959"
"363100012178959"
"363100012178963"
"363100012178963"
"363100012178963"
"363100012178964"
"363100012178964"
"363100012178964"
"363100012178967"
"363100012178967"
"363100012178967"
"363100012178970"
"363100012178970"
"363100012178971"
"363100012178971"
"363100012178971"
"363100012178974"
"363100012178974"
"363100012178974"
"363100012178975"
"363100012178975"
"363100012178975"
"363100012178976"
"363100012178976"
"363100012178976"
"363100012178981"
"363100012178981"
"363100012178983"
"363100012178983"
"363100012178983"
"363100012182866"
"363100012182866"
"363100012182866"
"363100012165494"
"363100012165494"
"363100012165494"
"363100012170920"
"363100012170920"
"363100012170921"
"363100012170921"
"363100012170921"
"363100012170923"
"363100012170928"
"363100012170928"
"363100012170930"
"363100012170930"
"363100012170930"
"363100012170931"
"363100012170931"
"363100012170931"
"363100012171340"
"363100012171340"
"363100012171340"
"363100012171341"
"363100012171341"
"363100012171342"
"363100012171342"
"363100012171342"
"363100012171411"
"363100012171411"
"363100012171411"
"363100012171415"
"363100012171415"
"363100012171415"
"363100012171416"
"363100012171416"
"363100012171417"
"363100012171417"
"363100012171418"
"363100012171418"
"363100012171418"
"363100012171419"
"363100012171419"
"363100012171419"
"363100012171420"
"363100012171420"
"363100012171507"
"363100012171508"
"363100012171508"
"363100012171611"
"363100012171612"
"363100012171612"
"363100012171612"
"363100012172017"
"363100012172017"
"363100012172019"
"363100012178073"
"363100012178073"
"363100012178073"
"363100012178074"
"363100012178074"
"363100012178075"
"363100012178075"
"363100012178075"
"363100012178076"
"363100012178076"
"363100012178077"
"363100012178077"
"363100012178077"
"363100012178078"
"363100012178078"
"363100012178082"
"363100012178082"
"363100012178082"
"363100012178083"
"363100012178083"
"363100012178083"
"363100012178084"
"363100012178084"
"363100012178084"
"363100012178087"
"363100012178087"
"363100012178087"
"363100012178088"
"363100012178088"
"363100012178089"
"363100012178090"
"363100012178090"
"363100012178091"
"363100012178091"
"363100012178091"
"363100012178092"
"363100012178120"
"363100012178120"
"363100012178120"
"363100012178121"
"363100012178121"
"363100012178125"
"363100012178125"
"363100012178125"
"363100012178126"
"363100012178126"
"363100012178126"
"363100012178127"
"363100012178127"
"363100012178128"
"363100012178128"
"363100012178128"
"363100012178129"
"363100012178129"
"363100012178131"
"363100012178131"
"363100012178133"
"363100012178133"
"363100012178134"
"363100012178134"
"363100012178134"
"363100012178139"
"363100012178140"
"363100012178140"
"363100012178140"
"363100012178141"
"363100012178141"
"363100012178141"
"363100012178162"
"363100012178162"
"363100012178162"
"363100012178163"
"363100012178163"
"363100012178164"
"363100012182224"
"363100012182224"
"363100012182225"
"363100012182231"
"363100012182231"
"363100012182232"
"363100012182234"
"363100012182234"
"363100012182424"
"363100012182425"
"363100012182425"
"363100012182425"
"363100012182426"
"363100012182426"
"363100012182426"
"363100012182457"
"363100012182457"
"363100012182457"
"363100012182458"
"363100012182458"
"363100012182459"
"363100012182460"
"363100012182460"
"363100012182461"
"363100012182461"
"363100012182461"
"363100012182462"
"363100012182463"
"363100012182465"
"363100012182466"
"363100012182467"
"363100012182467"
"363100012182467"
"363100012182552"
"363100012182553"
"363100012182554"
"363100012182618"
"363100012182618"
"363100012182618"
"363100012182619"
"363100012182620"
"363100012182620"
"363100012182620"
"363100012182621"
"363100012182621"
"363100012182621"
"363100012182622"
"363100012182622"
"363100012182623"
"363100012182624"
"363100012182625"
"363100012182626"
"363100012182627"
"363100012182627"
"363100012182628"
"363100012182629"
"363100012182629"
"363100012182629"
"363100012182630"
"363100012182630"
"363100012182630"
"363100012182631"
"363100012182633"
"363100012182633"
"363100012182633"
"363100012182634"
"363100012182635"
"363100012182725"
"363100012182725"
"363100012182725"
"363100012182726"
"363100012182726"
"363100012182726"
"363100012182727"
"363100012182727"
"363100012182728"
"363100012182729"
"363100012182729"
"363100012182730"
"363100012182730"
"363100012182730"
"363100012182802"
"363100012182802"
"363100012182802"
"363100012182805"
"363100012182805"
"363100012182805"
"363100012182806"
"363100012182806"
"363100012182806"
"363100012182807"
"363100012182807"
"363100012182807"
"363100012182808"
"363100012182808"
"363100012182809"
"363100012182809"
"363100012182810"
"363100012182810"
"363100012182810"
"363100012182811"
"363100012182811"
"363100012182812"
"363100012182812"
"363100012182815"
"363100012182815"
"363100012182816"
"363100012182816"
"363100012182816"
"363100012182817"
"363100012182817"
"363100012182817"
"363100012182818"
"363100012182818"
"363100012182819"
"363100012182819"
"363100012182819"
"363100012182896"
"363100012182896"
"363100012182896"
"363100012182897"
"363100012182897"
"363100012182897"
"363100012182947"
"363100012182947"
"363100012182948"
"363100012182949"
"363100012182949"
"363100012182949"
"363100012182950"
"363100012182950"
"363100012169211"
"363100012169211"
"363100012169211"
"363100012171095"
"363100012171095"
"363100012171095"
"363100012171096"
"363100012171096"
"363100012171096"
"363100012171345"
"363100012171345"
"363100012171408"
"363100012171408"
"363100012171408"
"363100012171409"
"363100012171409"
"363100012171409"
"363100012171410"
"363100012171410"
"363100012171410"
"363100012171414"
"363100012171506"
"363100012171506"
"363100012171506"
"363100012171509"
"363100012171509"
"363100012171509"
"363100012178960"
"363100012178960"
"363100012178960"
"363100012182427"
"363100012182427"
"363100012182428"
"363100012182428"
"363100012182429"
"363100012182429"
"363100012182429"
"363100012182430"
"363100012182430"
"363100012182430"
"363100012182431"
"363100012182431"
"363100012182431"
"363100012185998"
"363100012185998"
"363100012185998"
"363100012169159"
"363100012169159"
"363100012169159"
"363100012169212"
"363100012169212"
"363100012169212"
"363100012171129"
"363100012171129"
"363100012171129"
"363100012171132"
"363100012171132"
"363100012171132"
"363100012171134"
"363100012171134"
"363100012171135"
"363100012171135"
"363100012171135"
"363100012171371"
"363100012171371"
"363100012171372"
"363100012171372"
"363100012171372"
"363100012171564"
"363100012171564"
"363100012171564"
"363100012171565"
"363100012171565"
"363100012171565"
"363100012171566"
"363100012171567"
"363100012171567"
"363100012171568"
"363100012171568"
"363100012171568"
"363100012171569"
"363100012171569"
"363100012171569"
"363100012171570"
"363100012171571"
"363100012171571"
"363100012171573"
"363100012171573"
"363100012171573"
"363100012171574"
"363100012171574"
"363100012171574"
"363100012171576"
"363100012171576"
"363100012171576"
"363100012177685"
"363100012177685"
"363100012177685"
"363100012177688"
"363100012177688"
"363100012177688"
"363100012177689"
"363100012177689"
"363100012177693"
"363100012177693"
"363100012177693"
"363100012177694"
"363100012177694"
"363100012177694"
"363100012177695"
"363100012177695"
"363100012177695"
"363100012177696"
"363100012177696"
"363100012177696"
"363100012177697"
"363100012177697"
"363100012177698"
"363100012178775"
"363100012178775"
"363100012178776"
"363100012178776"
"363100012178776"
"363100012178847"
"363100012178847"
"363100012178857"
"363100012178857"
"363100012178857"
"363100012178859"
"363100012178859"
"363100012178859"
"363100012178860"
"363100012178860"
"363100012178860"
"363100012178861"
"363100012178861"
"363100012178861"
"363100012178948"
"363100012178948"
"363100012178948"
"363100012178950"
"363100012178950"
"363100012178951"
"363100012178951"
"363100012178951"
"363100012178952"
"363100012178952"
"363100012178954"
"363100012178954"
"363100012178954"
"363100012178955"
"363100012178955"
"363100012178955"
"363100012182432"
"363100012182432"
"363100012182432"
"363100012182492"
"363100012182492"
"363100012182492"
"363100012182494"
"363100012182494"
"363100012182494"
"363100012182495"
"363100012182495"
"363100012182495"
"363100012182497"
"363100012182497"
"363100012182497"
"363100012182498"
"363100012182498"
"363100012182498"
"363100012182499"
"363100012182499"
"363100012182500"
"363100012182501"
"363100012182501"
"363100012182501"
"363100012182502"
"363100012182502"
"363100012182502"
"363100012182678"
"363100012182678"
"363100012182678"
"363100012182679"
"363100012182679"
"363100012182679"
"363100012182682"
"363100012182682"
"363100012182682"
"363100012182754"
"363100012182754"
"363100012182754"
"363100012182756"
"363100012182756"
"363100012182756"
"363100012182758"
"363100012182758"
"363100012182758"
"363100012182759"
"363100012182759"
"363100012168191"
"363100012168191"
"363100012168191"
"363100012168192"
"363100012168192"
"363100012168192"
"363100012168256"
"363100012168256"
"363100012168333"
"363100012168333"
"363100012168333"
"363100012168343"
"363100012168343"
"363100012168343"
"363100012168471"
"363100012168471"
"363100012168471"
"363100012168472"
"363100012168472"
"363100012168472"
"363100012168473"
"363100012168473"
"363100012168473"
"363100012168475"
"363100012168475"
"363100012168475"
"363100012168476"
"363100012168476"
"363100012168476"
"363100012168479"
"363100012168479"
"363100012168479"
"363100012168480"
"363100012168480"
"363100012168480"
"363100012168482"
"363100012168482"
"363100012168482"
"363100012169281"
"363100012169281"
"363100012169281"
"363100012175026"
"363100012175026"
"363100012175026"
"363100012175027"
"363100012175027"
"363100012175027"
"363100012175029"
"363100012175029"
"363100012175029"
"363100012175216"
"363100012175216"
"363100012175216"
"363100012175562"
"363100012175562"
"363100012175562"
"363100012175566"
"363100012175566"
"363100012175566"
"363100012175804"
"363100012175804"
"363100012175809"
"363100012175809"
"363100012175809"
"363100012175812"
"363100012175812"
"363100012175812"
"363100012176246"
"363100012176246"
"363100012176246"
"363100012176247"
"363100012176247"
"363100012176247"
"363100012176253"
"363100012176253"
"363100012176253"
"363100012176254"
"363100012176254"
"363100012176254"
"363100012176255"
"363100012176255"
"363100012176255"
"363100012179391"
"363100012179391"
"363100012179391"
"363100012179396"
"363100012179396"
"363100012179396"
"363100012179400"
"363100012179400"
"363100012179400"
"363100012179401"
"363100012179401"
"363100012179401"
"363100012179459"
"363100012179459"
"363100012179459"
"363100012179460"
"363100012179460"
"363100012179460"
"363100012179466"
"363100012179466"
"363100012179466"
"363100012179468"
"363100012179468"
"363100012179468"
"363100012179470"
"363100012179470"
"363100012179470"
"363100012179472"
"363100012179472"
"363100012179472"
"363100012179884"
"363100012179884"
"363100012179884"
"363100012179886"
"363100012179886"
"363100012179886"
"363100012179887"
"363100012179887"
"363100012179887"
"363100012179889"
"363100012179889"
"363100012179889"
"363100012179890"
"363100012179890"
"363100012179890"
"363100012180150"
"363100012180150"
"363100012180150"
"363100012180152"
"363100012180152"
"363100012180152"
"363100012180154"
"363100012180154"
"363100012180154"
"363100012180161"
"363100012180161"
"363100012180161"
"363100012180334"
"363100012180334"
"363100012180334"
"363100012180405"
"363100012180405"
"363100012180405"
"363100012180409"
"363100012180409"
"363100012180409"
"363100012179874"
"363100012179874"
"363100012179874"
"363100012179876"
"363100012179876"
"363100012179876"
"363100012180071"
"363100012180071"
"363100012180071"
"363100012169055"
"363100012169055"
"363100012174573"
"363100012174578"
"363100012174578"
"363100012174580"
"363100012174580"
"363100012174581"
"363100012174581"
"363100012174581"
"363100012174583"
"363100012174583"
"363100012174586"
"363100012174586"
"363100012174586"
"363100012174587"
"363100012174587"
"363100012174590"
"363100012174591"
"363100012174591"
"363100012174591"
"363100012174663"
"363100012174663"
"363100012174664"
"363100012174664"
"363100012174667"
"363100012174667"
"363100012174667"
"363100012174670"
"363100012174671"
"363100012174671"
"363100012174674"
"363100012242471"
"363100012169050"
"363100012169052"
"363100012169052"
"363100012169053"
"363100012169053"
"363100012169053"
"363100012169101"
"363100012169101"
"363100012169103"
"363100012169103"
"363100012169103"
"363100012169104"
"363100012169104"
"363100012169104"
"363100012169105"
"363100012169105"
"363100012169105"
"363100012169238"
"363100012169238"
"363100012169240"
"363100012169240"
"363100012169240"
"363100012169242"
"363100012169243"
"363100012169243"
"363100012169243"
"363100012169244"
"363100012169244"
"363100012169247"
"363100012169247"
"363100012169247"
"363100012169248"
"363100012169248"
"363100012169248"
"363100012169293"
"363100012169293"
"363100012169295"
"363100012169295"
"363100012169295"
"363100012169297"
"363100012169297"
"363100012169297"
"363100012169298"
"363100012169298"
"363100012169298"
"363100012169299"
"363100012169299"
"363100012169436"
"363100012169436"
"363100012169436"
"363100012169437"
"363100012169437"
"363100012169437"
"363100012169708"
"363100012169708"
"363100012169708"
"363100012171591"
"363100012171591"
"363100012171591"
"363100012171593"
"363100012171593"
"363100012171593"
"363100012171597"
"363100012171597"
"363100012171597"
"363100012171601"
"363100012171601"
"363100012171601"
"363100012171602"
"363100012171602"
"363100012171602"
"363100012171603"
"363100012171603"
"363100012171603"
"363100012171664"
"363100012171664"
"363100012171664"
"363100012171665"
"363100012171665"
"363100012171665"
"363100012171666"
"363100012171666"
"363100012171666"
"363100012171667"
"363100012171667"
"363100012171667"
"363100012171668"
"363100012171668"
"363100012171668"
"363100012171669"
"363100012171669"
"363100012172140"
"363100012172140"
"363100012172140"
"363100012172141"
"363100012172141"
"363100012172141"
"363100012172142"
"363100012172142"
"363100012172142"
"363100012172143"
"363100012172143"
"363100012172143"
"363100012172147"
"363100012172147"
"363100012172147"
"363100012172148"
"363100012172148"
"363100012172148"
"363100012172149"
"363100012172149"
"363100012172149"
"363100012172150"
"363100012172151"
"363100012172151"
"363100012172151"
"363100012172152"
"363100012172152"
"363100012172152"
"363100012172153"
"363100012172153"
"363100012172153"
"363100012172154"
"363100012172154"
"363100012172154"
"363100012172155"
"363100012172155"
"363100012172155"
"363100012172156"
"363100012172156"
"363100012172156"
"363100012172160"
"363100012172160"
"363100012172207"
"363100012172207"
"363100012172207"
"363100012172208"
"363100012172209"
"363100012172209"
"363100012172210"
"363100012172210"
"363100012172210"
"363100012172211"
"363100012172211"
"363100012172212"
"363100012172212"
"363100012172212"
"363100012172214"
"363100012172214"
"363100012172214"
"363100012172215"
"363100012172216"
"363100012172216"
"363100012172216"
"363100012172217"
"363100012172217"
"363100012172217"
"363100012172219"
"363100012172220"
"363100012172224"
"363100012172224"
"363100012172225"
"363100012172225"
"363100012172226"
"363100012172226"
"363100012172226"
"363100012172227"
"363100012172227"
"363100012172227"
"363100012172275"
"363100012172276"
"363100012172278"
"363100012172279"
"363100012172287"
"363100012172287"
"363100012172287"
"363100012172442"
"363100012172446"
"363100012172446"
"363100012172446"
"363100012172447"
"363100012172447"
"363100012172447"
"363100012172454"
"363100012172454"
"363100012172454"
"363100012172456"
"363100012172456"
"363100012172456"
"363100012174494"
"363100012174494"
"363100012174576"
"363100012174577"
"363100012174577"
"363100012174669"
"363100012174669"
"363100012174669"
"363100012174675"
"363100012174675"
"363100012174675"
"363100012174676"
"363100012174676"
"363100012174677"
"363100012174677"
"363100012174677"
"363100012176395"
"363100012176395"
"363100012176395"
"363100012176396"
"363100012176396"
"363100012176396"
"363100012176398"
"363100012176398"
"363100012176398"
"363100012176399"
"363100012176399"
"363100012176399"
"363100012176402"
"363100012176402"
"363100012176402"
"363100012176403"
"363100012176403"
"363100012176403"
"363100012176404"
"363100012176405"
"363100012176407"
"363100012176407"
"363100012176407"
"363100012176408"
"363100012176408"
"363100012176458"
"363100012176458"
"363100012176458"
"363100012176462"
"363100012176462"
"363100012176462"
"363100012176463"
"363100012176463"
"363100012176463"
"363100012176464"
"363100012176464"
"363100012176464"
"363100012176466"
"363100012176466"
"363100012176466"
"363100012176467"
"363100012176467"
"363100012176470"
"363100012176470"
"363100012176470"
"363100012176471"
"363100012176471"
"363100012176471"
"363100012176472"
"363100012176472"
"363100012176472"
"363100012176523"
"363100012176523"
"363100012176524"
"363100012176524"
"363100012176524"
"363100012176525"
"363100012176525"
"363100012176525"
"363100012176526"
"363100012176526"
"363100012176526"
"363100012177447"
"363100012177447"
"363100012177447"
"363100012177448"
"363100012177448"
"363100012177448"
"363100012177598"
"363100012177598"
"363100012177598"
"363100012171677"
"363100012171677"
"363100012171678"
"363100012171678"
"363100012171679"
"363100012171743"
"363100012171743"
"363100012171745"
"363100012171745"
"363100012171745"
"363100012171750"
"363100012171750"
"363100012171750"
"363100012176529"
"363100012176529"
"363100012176529"
"363100012176530"
"363100012176530"
"363100012176538"
"363100012176538"
"363100012176919"
"363100012176919"
"363100012176919"
"363100012176920"
"363100012176920"
"363100012176920"
"363100012177604"
"363100012177604"
"363100012177604"
"363100012177606"
"363100012177606"
"363100012177606"
"363100012177607"
"363100012177607"
"363100012177609"
"363100012177609"
"363100012177609"
"363100012165080"
"363100012165080"
"363100012165080"
"363100012165082"
"363100012165082"
"363100012165082"
"363100012165084"
"363100012165084"
"363100012165084"
"363100012171818"
"363100012171818"
"363100012175030"
"363100012175030"
"363100012175030"
"363100012176250"
"363100012176250"
"363100012176250"
"363100012171748"
"363100012171748"
"363100012171748"
"363100012171749"
"363100012171749"
"363100012171749"
"363100012176301"
"363100012176301"
"363100012176302"
"363100012176302"
"363100012176302"
"363100012176839"
"363100012176839"
"363100012176839"
"363100012176842"
"363100012176842"
"363100012176844"
"363100012176844"
"363100012170251"
"363100012170251"
"363100012170251"
"363100012170252"
"363100012170252"
"363100012170252"
"363100012170286"
"363100012170286"
"363100012170287"
"363100012170287"
"363100012170287"
"363100012170696"
"363100012170696"
"363100012170696"
"363100012181306"
"363100012181306"
"363100012181306"
"363100012181307"
"363100012181307"
"363100012181307"
"363100012181375"
"363100012181375"
"363100012181375"
"363100012181645"
"363100012181957"
"363100012181957"
"363100012181957"
"363100012181958"
"363100012181958"
"363100012181958"
"363100012167532"
"363100012167532"
"363100012167532"
"363100012167533"
"363100012167533"
"363100012167533"
"363100012167534"
"363100012167534"
"363100012167534"
"363100012168215"
"363100012168269"
"363100012168270"
"363100012168271"
"363100012168271"
"363100012168271"
"363100012168272"
"363100012168272"
"363100012168273"
"363100012168273"
"363100012168415"
"363100012168415"
"363100012168416"
"363100012168416"
"363100012168417"
"363100012168418"
"363100012168418"
"363100012168418"
"363100012168420"
"363100012168421"
"363100012168421"
"363100012168421"
"363100012168422"
"363100012168423"
"363100012168423"
"363100012168425"
"363100012168425"
"363100012168425"
"363100012168426"
"363100012168426"
"363100012168426"
"363100012168429"
"363100012168429"
"363100012168429"
"363100012168430"
"363100012168430"
"363100012168486"
"363100012168486"
"363100012168486"
"363100012176096"
"363100012176096"
"363100012176096"
"363100012176097"
"363100012176097"
"363100012176097"
"363100012176098"
"363100012176098"
"363100012176098"
"363100012176124"
"363100012176124"
"363100012176125"
"363100012176125"
"363100012176125"
"363100012176194"
"363100012176194"
"363100012176194"
"363100012176195"
"363100012176195"
"363100012176195"
"363100012176196"
"363100012176196"
"363100012176196"
"363100012176197"
"363100012176197"
"363100012176197"
"363100012176198"
"363100012176198"
"363100012176198"
"363100012176199"
"363100012176199"
"363100012176199"
"363100012176200"
"363100012176200"
"363100012176200"
"363100012176201"
"363100012176201"
"363100012176201"
"363100012176202"
"363100012176202"
"363100012176203"
"363100012176204"
"363100012176204"
"363100012176204"
"363100012176205"
"363100012179659"
"363100012179659"
"363100012179660"
"363100012179660"
"363100012179660"
"363100012179662"
"363100012179662"
"363100012179725"
"363100012179725"
"363100012179725"
"363100012179727"
"363100012179727"
"363100012179727"
"363100012179728"
"363100012179729"
"363100012179729"
"363100012179729"
"363100012179730"
"363100012179731"
"363100012179731"
"363100012179731"
"363100012179732"
"363100012179732"
"363100012179732"
"363100012179733"
"363100012179733"
"363100012179733"
"363100012179735"
"363100012179735"
"363100012179735"
"363100012179737"
"363100012179737"
"363100012179737"
"363100012179842"
"363100012179842"
"363100012179843"
"363100012179846"
"363100012179846"
"363100012179847"
"363100012179847"
"363100012179848"
"363100012179848"
"363100012179848"
"363100012179849"
"363100012179849"
"363100012179850"
"363100012179851"
"363100012179851"
"363100012179851"
"363100012179917"
"363100012179918"
"363100012179918"
"363100012179918"
"363100012179919"
"363100012179919"
"363100012179919"
"363100012179920"
"363100012179920"
"363100012179920"
"363100012179921"
"363100012179921"
"363100012179921"
"363100012179924"
"363100012179924"
"363100012179924"
"363100012179926"
"363100012179926"
"363100012179926"
"363100012179927"
"363100012179928"
"363100012179928"
"363100012179929"
"363100012179929"
"363100012179929"
"363100012179930"
"363100012179930"
"363100012179930"
"363100012179931"
"363100012179931"
"363100012179931"
"363100012179932"
"363100012179932"
"363100012179934"
"363100012179935"
"363100012179936"
"363100012179936"
"363100012179936"
"363100012180006"
"363100012180006"
"363100012180007"
"363100012180009"
"363100012180009"
"363100012180009"
"363100012180010"
"363100012180011"
"363100012180011"
"363100012180013"
"363100012180013"
"363100012180013"
"363100012180014"
"363100012180014"
"363100012180014"
"363100012180015"
"363100012180015"
"363100012180015"
"363100012180019"
"363100012180019"
"363100012180019"
"363100012180020"
"363100012180020"
"363100012180020"
"363100012180021"
"363100012180021"
"363100012180021"
"363100012180022"
"363100012180022"
"363100012180022"
"363100012180024"
"363100012180024"
"363100012180025"
"363100012180025"
"363100012180026"
"363100012180026"
"363100012180026"
"363100012180027"
"363100012180027"
"363100012180027"
"363100012180028"
"363100012180028"
"363100012180028"
"363100012180104"
"363100012180104"
"363100012180104"
"363100012180105"
"363100012185505"
"363100012185505"
"363100012165210"
"363100012165210"
"363100012165210"
"363100012167538"
"363100012167538"
"363100012167538"
"363100012167539"
"363100012167539"
"363100012168424"
"363100012168427"
"363100012168427"
"363100012168427"
"363100012169275"
"363100012169275"
"363100012169275"
"363100012169276"
"363100012169276"
"363100012169276"
"363100012171076"
"363100012171076"
"363100012171076"
"363100012171077"
"363100012171102"
"363100012171103"
"363100012171103"
"363100012171103"
"363100012171104"
"363100012171104"
"363100012171104"
"363100012171105"
"363100012171105"
"363100012171105"
"363100012171107"
"363100012171107"
"363100012171107"
"363100012171108"
"363100012171108"
"363100012171108"
"363100012171109"
"363100012171112"
"363100012171112"
"363100012171112"
"363100012171117"
"363100012171117"
"363100012171140"
"363100012171140"
"363100012171141"
"363100012171141"
"363100012171143"
"363100012171143"
"363100012171145"
"363100012171145"
"363100012171145"
"363100012171146"
"363100012171147"
"363100012171149"
"363100012171149"
"363100012171150"
"363100012171150"
"363100012171151"
"363100012171151"
"363100012171151"
"363100012171152"
"363100012171152"
"363100012171152"
"363100012171155"
"363100012171155"
"363100012171155"
"363100012171176"
"363100012171176"
"363100012175129"
"363100012175129"
"363100012175129"
"363100012175130"
"363100012175130"
"363100012175131"
"363100012175131"
"363100012175131"
"363100012175134"
"363100012175134"
"363100012175134"
"363100012175135"
"363100012175135"
"363100012175135"
"363100012175136"
"363100012175136"
"363100012175136"
"363100012175137"
"363100012175137"
"363100012175137"
"363100012175138"
"363100012175138"
"363100012175138"
"363100012175140"
"363100012175140"
"363100012175140"
"363100012175141"
"363100012175141"
"363100012175141"
"363100012175142"
"363100012175142"
"363100012175142"
"363100012175143"
"363100012175143"
"363100012175143"
"363100012175144"
"363100012175144"
"363100012175144"
"363100012175145"
"363100012175145"
"363100012175146"
"363100012175146"
"363100012175146"
"363100012175149"
"363100012175149"
"363100012175199"
"363100012175199"
"363100012175199"
"363100012175200"
"363100012175200"
"363100012175200"
"363100012175201"
"363100012175201"
"363100012175201"
"363100012175202"
"363100012175202"
"363100012175202"
"363100012175203"
"363100012175203"
"363100012175203"
"363100012175208"
"363100012175208"
"363100012175208"
"363100012175209"
"363100012175209"
"363100012175210"
"363100012175413"
"363100012175413"
"363100012175413"
"363100012175436"
"363100012175436"
"363100012175436"
"363100012175437"
"363100012175437"
"363100012175439"
"363100012175440"
"363100012175440"
"363100012175441"
"363100012175441"
"363100012175441"
"363100012175442"
"363100012175442"
"363100012175442"
"363100012175444"
"363100012175444"
"363100012175444"
"363100012175445"
"363100012175445"
"363100012175445"
"363100012175446"
"363100012175446"
"363100012175447"
"363100012175448"
"363100012175448"
"363100012175452"
"363100012175453"
"363100012175453"
"363100012175454"
"363100012175455"
"363100012178167"
"363100012178167"
"363100012178167"
"363100012178169"
"363100012178169"
"363100012178169"
"363100012178175"
"363100012178175"
"363100012178175"
"363100012178176"
"363100012178177"
"363100012179144"
"363100012179144"
"363100012179144"
"363100012179145"
"363100012179145"
"363100012179145"
"363100012179146"
"363100012179146"
"363100012179422"
"363100012179422"
"363100012179422"
"363100012179424"
"363100012179425"
"363100012179425"
"363100012179426"
"363100012179426"
"363100012179426"
"363100012179427"
"363100012179427"
"363100012179428"
"363100012179428"
"363100012179479"
"363100012179479"
"363100012179480"
"363100012179480"
"363100012179480"
"363100012179481"
"363100012179481"
"363100012179481"
"363100012179486"
"363100012179486"
"363100012179486"
"363100012179488"
"363100012179488"
"363100012179489"
"363100012179489"
"363100012179489"
"363100012179490"
"363100012179490"
"363100012179490"
"363100012179492"
"363100012179492"
"363100012179492"
"363100012179493"
"363100012179493"
"363100012179493"
"363100012179494"
"363100012179494"
"363100012179495"
"363100012179495"
"363100012179496"
"363100012179496"
"363100012179496"
"363100012179497"
"363100012179498"
"363100012179498"
"363100012179499"
"363100012179499"
"363100012179500"
"363100012179500"
"363100012179500"
"363100012179501"
"363100012179501"
"363100012179501"
"363100012179549"
"363100012179549"
"363100012179549"
"363100012179552"
"363100012179552"
"363100012179552"
"363100012179553"
"363100012179553"
"363100012179553"
"363100012179554"
"363100012179554"
"363100012179555"
"363100012179555"
"363100012179555"
"363100012179556"
"363100012179556"
"363100012179556"
"363100012179557"
"363100012179557"
"363100012179557"
"363100012179560"
"363100012179560"
"363100012179560"
"363100012179561"
"363100012179561"
"363100012179561"
"363100012179574"
"363100012179574"
"363100012179575"
"363100012179575"
"363100012179576"
"363100012179576"
"363100012179576"
"363100012179578"
"363100012179578"
"363100012179578"
"363100012179579"
"363100012179579"
"363100012179579"
"363100012179580"
"363100012179580"
"363100012179580"
"363100012179642"
"363100012179643"
"363100012179643"
"363100012179645"
"363100012179646"
"363100012179646"
"363100012179646"
"363100012179648"
"363100012179648"
"363100012179648"
"363100012179650"
"363100012179652"
"363100012179652"
"363100012179654"
"363100012179655"
"363100012179685"
"363100012179685"
"363100012179685"
"363100012179687"
"363100012179687"
"363100012179687"
"363100012185848"
"363100012185848"
"363100012186294"
"363100012186294"
"363100012165203"
"363100012165209"
"363100012165209"
"363100012165209"
"363100012167530"
"363100012167530"
"363100012167530"
"363100012167541"
"363100012167541"
"363100012167541"
"363100012167542"
"363100012167542"
"363100012167545"
"363100012167545"
"363100012167545"
"363100012167580"
"363100012168274"
"363100012168274"
"363100012168274"
"363100012176099"
"363100012176105"
"363100012176105"
"363100012176105"
"363100012176176"
"363100012179738"
"363100012179738"
"363100012180346"
"363100012180346"
"363100012180346"
"363100012180347"
"363100012180347"
"363100012180347"
"363100012180348"
"363100012180348"
"363100012180348"
"363100012180349"
"363100012167459"
"363100012167459"
"363100012167459"
"363100012167460"
"363100012167460"
"363100012167460"
"363100012167461"
"363100012167461"
"363100012167462"
"363100012167462"
"363100012167462"
"363100012169867"
"363100012169867"
"363100012169867"
"363100012169868"
"363100012169868"
"363100012169868"
"363100012174362"
"363100012174362"
"363100012174362"
"363100012174363"
"363100012174363"
"363100012174363"
"363100012174364"
"363100012174364"
"363100012174365"
"363100012174365"
"363100012174365"
"363100012174366"
"363100012174366"
"363100012174366"
"363100012174367"
"363100012174367"
"363100012174367"
"363100012174371"
"363100012174371"
"363100012174371"
"363100012174372"
"363100012174372"
"363100012174372"
"363100012174373"
"363100012174373"
"363100012174375"
"363100012174375"
"363100012174375"
"363100012174376"
"363100012174376"
"363100012174443"
"363100012174443"
"363100012174443"
"363100012174444"
"363100012174444"
"363100012174444"
"363100012174446"
"363100012174446"
"363100012174446"
"363100012174447"
"363100012174447"
"363100012174447"
"363100012174448"
"363100012174448"
"363100012174449"
"363100012174450"
"363100012174451"
"363100012174453"
"363100012174453"
"363100012174454"
"363100012174454"
"363100012174455"
"363100012174457"
"363100012174457"
"363100012174457"
"363100012174458"
"363100012174458"
"363100012174459"
"363100012174459"
"363100012174460"
"363100012174460"
"363100012174460"
"363100012174461"
"363100012174462"
"363100012174462"
"363100012169861"
"363100012169861"
"363100012169861"
"363100012169865"
"363100012169865"
"363100012169865"
"363100012169869"
"363100012169869"
"363100012169869"
"363100012167467"
"363100012167467"
"363100012167467"
"363100012169550"
"363100012169550"
"363100012168514"
"363100012168515"
"363100012168515"
"363100012168516"
"363100012168518"
"363100012168518"
"363100012168518"
"363100012168519"
"363100012168519"
"363100012168520"
"363100012168520"
"363100012168521"
"363100012168521"
"363100012168521"
"363100012167458"
"363100012167458"
"363100012167458"
"363100012168513"
"363100012168513"
"363100012168513"
"363100012168522"
"363100012168522"
"363100012168522"
"363100012168523"
"363100012168523"
"363100012168524"
"363100012168524"
"363100012169862"
"363100012169862"
"363100012169862"
"363100012169874"
"363100012169874"
"363100012169874"
"363100012169470"
"363100012169470"
"363100012169854"
"363100012169854"
"363100012169854"
"363100012169856"
"363100012169856"
"363100012169851"
"363100012169851"
"363100012169855"
"363100012169855"
"363100012169855"
"363100012169863"
"363100012169863"
"363100012169864"
"363100012169864"
"363100012169870"
"363100012169870"
"363100012169873"
"363100012169873"
"363100012169920"
"363100012169920"
"363100012169474"
"363100012169474"
"363100012169474"
"363100012169475"
"363100012169475"
"363100012169475"
"363100012169476"
"363100012169476"
"363100012169477"
"363100012169477"
"363100012169477"
"363100012169570"
"363100012169570"
"363100012169570"
"363100012172129"
"363100012172129"
"363100012172129"
"363100012172130"
"363100012172130"
"363100012172132"
"363100012172132"
"363100012172133"
"363100012172133"
"363100012172133"
"363100012172134"
"363100012172134"
"363100012172135"
"363100012172135"
"363100012172136"
"363100012172136"
"363100012172137"
"363100012172137"
"363100012172137"
"363100012172138"
"363100012172138"
"363100012172138"
"363100012172139"
"363100012172139"
"363100012172139"
"363100012172187"
"363100012172187"
"363100012172187"
"363100012172191"
"363100012172191"
"363100012172191"
"363100012172192"
"363100012172192"
"363100012172192"
"363100012172193"
"363100012172193"
"363100012172193"
"363100012172194"
"363100012172643"
"363100012172643"
"363100012172643"
"363100012172715"
"363100012172715"
"363100012172718"
"363100012172718"
"363100012172718"
"363100012172719"
"363100012172720"
"363100012172720"
"363100012172721"
"363100012172723"
"363100012172723"
"363100012172723"
"363100012172724"
"363100012172724"
"363100012172724"
"363100012172727"
"363100012172813"
"363100012172813"
"363100012172813"
"363100012173420"
"363100012173420"
"363100012173420"
"363100012168683"
"363100012168683"
"363100012168683"
"363100012168685"
"363100012168685"
"363100012168686"
"363100012168686"
"363100012169497"
"363100012169497"
"363100012169497"
"363100012169498"
"363100012169498"
"363100012169553"
"363100012169553"
"363100012169553"
"363100012169563"
"363100012169563"
"363100012169563"
"363100012169564"
"363100012169564"
"363100012169564"
"363100012169565"
"363100012169565"
"363100012172184"
"363100012172184"
"363100012172184"
"363100012172185"
"363100012172185"
"363100012172185"
"363100012172186"
"363100012172186"
"363100012172186"
"363100012172188"
"363100012172188"
"363100012172188"
"363100012172189"
"363100012172189"
"363100012172189"
"363100012172190"
"363100012172190"
"363100012172190"
"363100012173449"
"363100012173449"
"363100012173449"
"363100012173450"
"363100012173450"
"363100012173450"
"363100012170889"
"363100012170889"
"363100012170889"
"363100012177108"
"363100012177108"
"363100012177108"
"363100012177112"
"363100012177113"
"363100012177113"
"363100012177113"
"363100012177368"
"363100012177369"
"363100012177369"
"363100012177370"
"363100012177371"
"363100012177371"
"363100012177371"
"363100012177618"
"363100012170888"
"363100012170888"
"363100012170888"
"363100012170895"
"363100012170895"
"363100012170895"
"363100012177080"
"363100012177080"
"363100012177080"
"363100012177081"
"363100012177081"
"363100012177081"
"363100012177082"
"363100012177082"
"363100012177082"
"363100012177365"
"363100012177366"
"363100012177366"
"363100012165001"
"363100012165004"
"363100012165004"
"363100012165004"
"363100012165040"
"363100012165040"
"363100012167511"
"363100012167511"
"363100012167512"
"363100012167512"
"363100012167546"
"363100012167546"
"363100012167546"
"363100012167547"
"363100012168278"
"363100012168280"
"363100012168281"
"363100012168282"
"363100012168283"
"363100012168283"
"363100012168284"
"363100012168284"
"363100012168284"
"363100012168285"
"363100012168285"
"363100012168285"
"363100012168487"
"363100012168487"
"363100012168488"
"363100012168488"
"363100012168489"
"363100012168489"
"363100012168492"
"363100012168492"
"363100012168492"
"363100012168493"
"363100012168494"
"363100012168498"
"363100012168498"
"363100012168498"
"363100012170887"
"363100012171825"
"363100012171825"
"363100012171825"
"363100012171976"
"363100012171976"
"363100012171977"
"363100012171977"
"363100012171978"
"363100012171980"
"363100012171980"
"363100012171981"
"363100012171981"
"363100012171984"
"363100012171984"
"363100012171984"
"363100012171985"
"363100012171985"
"363100012171985"
"363100012171986"
"363100012171986"
"363100012171986"
"363100012171987"
"363100012171988"
"363100012171988"
"363100012172039"
"363100012172039"
"363100012175065"
"363100012175065"
"363100012175066"
"363100012175070"
"363100012175070"
"363100012175071"
"363100012175071"
"363100012175076"
"363100012175076"
"363100012175076"
"363100012175077"
"363100012175078"
"363100012175078"
"363100012175079"
"363100012175079"
"363100012175080"
"363100012175080"
"363100012175081"
"363100012175084"
"363100012175084"
"363100012175084"
"363100012175085"
"363100012175085"
"363100012175085"
"363100012175087"
"363100012175092"
"363100012175092"
"363100012175093"
"363100012175094"
"363100012175094"
"363100012175095"
"363100012175095"
"363100012175098"
"363100012175098"
"363100012175098"
"363100012175099"
"363100012175100"
"363100012175104"
"363100012175474"
"363100012175474"
"363100012175474"
"363100012175479"
"363100012175479"
"363100012175480"
"363100012175480"
"363100012175480"
"363100012175481"
"363100012175481"
"363100012175481"
"363100012175483"
"363100012175483"
"363100012175483"
"363100012175543"
"363100012175543"
"363100012175544"
"363100012175544"
"363100012175545"
"363100012175545"
"363100012175547"
"363100012175547"
"363100012175547"
"363100012175548"
"363100012175549"
"363100012175717"
"363100012175717"
"363100012175720"
"363100012175720"
"363100012175720"
"363100012175721"
"363100012175721"
"363100012175723"
"363100012175723"
"363100012175724"
"363100012175724"
"363100012175724"
"363100012175792"
"363100012175793"
"363100012175830"
"363100012175830"
"363100012175830"
"363100012175892"
"363100012175892"
"363100012175897"
"363100012175897"
"363100012175899"
"363100012175899"
"363100012175901"
"363100012175908"
"363100012175912"
"363100012175914"
"363100012175914"
"363100012175914"
"363100012175915"
"363100012175915"
"363100012175915"
"363100012175969"
"363100012175969"
"363100012175969"
"363100012175971"
"363100012175971"
"363100012175974"
"363100012175975"
"363100012175975"
"363100012175977"
"363100012175977"
"363100012175977"
"363100012176043"
"363100012176044"
"363100012176044"
"363100012176045"
"363100012176045"
"363100012176047"
"363100012176047"
"363100012176050"
"363100012176050"
"363100012176050"
"363100012176742"
"363100012176742"
"363100012176742"
"363100012176743"
"363100012176743"
"363100012176743"
"363100012176831"
"363100012176831"
"363100012176833"
"363100012176834"
"363100012176835"
"363100012176835"
"363100012176835"
"363100012176837"
"363100012176837"
"363100012177025"
"363100012177025"
"363100012177026"
"363100012177026"
"363100012177026"
"363100012177107"
"363100012177107"
"363100012177115"
"363100012177115"
"363100012177116"
"363100012177117"
"363100012177117"
"363100012177117"
"363100012177118"
"363100012177118"
"363100012177118"
"363100012177119"
"363100012177119"
"363100012177119"
"363100012177121"
"363100012177121"
"363100012177121"
"363100012177122"
"363100012177122"
"363100012177122"
"363100012177291"
"363100012177372"
"363100012177373"
"363100012177374"
"363100012177374"
"363100012177375"
"363100012177376"
"363100012177376"
"363100012177376"
"363100012177377"
"363100012177378"
"363100012177379"
"363100012177546"
"363100012177547"
"363100012177612"
"363100012177613"
"363100012177613"
"363100012177614"
"363100012177614"
"363100012177615"
"363100012177615"
"363100012177616"
"363100012177616"
"363100012177616"
"363100012177617"
"363100012184747"
"363100012184747"
"363100012184747"
"363100012165037"
"363100012165037"
"363100012165037"
"363100012165038"
"363100012165038"
"363100012168103"
"363100012168103"
"363100012168103"
"363100012168104"
"363100012168104"
"363100012168105"
"363100012168106"
"363100012168240"
"363100012168240"
"363100012168240"
"363100012168242"
"363100012168243"
"363100012168243"
"363100012168244"
"363100012168244"
"363100012168245"
"363100012168246"
"363100012168246"
"363100012168247"
"363100012168248"
"363100012168249"
"363100012168251"
"363100012168251"
"363100012168252"
"363100012168252"
"363100012168255"
"363100012168315"
"363100012168316"
"363100012168316"
"363100012168317"
"363100012168317"
"363100012168318"
"363100012168318"
"363100012168386"
"363100012168386"
"363100012168490"
"363100012168491"
"363100012168491"
"363100012168491"
"363100012168499"
"363100012168502"
"363100012168502"
"363100012169076"
"363100012169076"
"363100012169076"
"363100012169077"
"363100012178178"
"363100012178178"
"363100012178179"
"363100012178179"
"363100012178182"
"363100012178182"
"363100012178183"
"363100012178190"
"363100012178190"
"363100012178250"
"363100012178251"
"363100012178253"
"363100012178253"
"363100012178253"
"363100012178254"
"363100012178257"
"363100012178258"
"363100012178258"
"363100012179111"
"363100012179112"
"363100012179112"
"363100012179113"
"363100012179113"
"363100012179113"
"363100012179115"
"363100012179115"
"363100012179115"
"363100012179117"
"363100012179118"
"363100012179118"
"363100012179119"
"363100012179120"
"363100012179120"
"363100012179120"
"363100012179150"
"363100012179151"
"363100012179151"
"363100012179152"
"363100012179158"
"363100012179158"
"363100012179158"
"363100012179159"
"363100012179159"
"363100012179159"
"363100012179160"
"363100012179160"
"363100012179160"
"363100012179162"
"363100012179162"
"363100012179162"
"363100012179163"
"363100012179163"
"363100012179164"
"363100012179164"
"363100012179165"
"363100012179165"
"363100012179165"
"363100012179166"
"363100012179166"
"363100012179167"
"363100012179167"
"363100012179167"
"363100012179168"
"363100012179168"
"363100012179168"
"363100012179169"
"363100012179169"
"363100012179169"
"363100012179170"
"363100012179195"
"363100012179195"
"363100012179196"
"363100012179196"
"363100012179197"
"363100012179198"
"363100012179198"
"363100012179198"
"363100012179199"
"363100012179199"
"363100012179199"
"363100012179200"
"363100012179200"
"363100012179201"
"363100012179201"
"363100012179201"
"363100012179207"
"363100012179516"
"363100012179517"
"363100012179517"
"363100012179517"
"363100012179518"
"363100012179518"
"363100012179520"
"363100012179520"
"363100012179520"
"363100012179524"
"363100012179693"
"363100012179693"
"363100012179694"
"363100012179694"
"363100012179695"
"363100012179695"
"363100012179699"
"363100012179699"
"363100012179739"
"363100012179740"
"363100012179740"
"363100012179741"
"363100012179741"
"363100012179741"
"363100012179742"
"363100012179745"
"363100012179745"
"363100012179746"
"363100012179746"
"363100012179746"
"363100012179747"
"363100012179802"
"363100012179811"
"363100012179818"
"363100012179818"
"363100012179818"
"363100012179819"
"363100012179819"
"363100012179820"
"363100012179820"
"363100012179821"
"363100012179821"
"363100012179821"
"363100012179822"
"363100012179822"
"363100012179822"
"363100012179823"
"363100012179824"
"363100012179825"
"363100012179826"
"363100012179828"
"363100012179828"
"363100012179828"
"363100012179829"
"363100012179830"
"363100012179830"
"363100012179830"
"363100012179831"
"363100012179831"
"363100012179897"
"363100012179897"
"363100012179898"
"363100012179898"
"363100012179899"
"363100012179902"
"363100012179902"
"363100012179902"
"363100012179903"
"363100012179904"
"363100012179904"
"363100012179905"
"363100012179905"
"363100012179905"
"363100012179907"
"363100012179907"
"363100012179913"
"363100012179913"
"363100012179916"
"363100012179916"
"363100012179978"
"363100012179978"
"363100012179980"
"363100012179980"
"363100012179981"
"363100012179981"
"363100012179982"
"363100012179982"
"363100012179982"
"363100012179983"
"363100012179983"
"363100012179983"
"363100012179984"
"363100012179984"
"363100012179984"
"363100012179985"
"363100012179986"
"363100012179987"
"363100012179987"
"363100012179989"
"363100012179990"
"363100012179990"
"363100012179990"
"363100012179991"
"363100012179991"
"363100012179991"
"363100012179992"
"363100012179992"
"363100012179992"
"363100012179993"
"363100012179993"
"363100012179993"
"363100012179994"
"363100012179994"
"363100012179995"
"363100012179996"
"363100012179996"
"363100012179996"
"363100012179997"
"363100012179997"
"363100012180001"
"363100012180001"
"363100012180001"
"363100012180051"
"363100012180061"
"363100012180061"
"363100012180061"
"363100012180062"
"363100012180062"
"363100012180062"
"363100012180068"
"363100012180084"
"363100012180084"
"363100012180084"
"363100012180085"
"363100012180085"
"363100012180085"
"363100012180102"
"363100012180103"
"363100012180107"
"363100012180107"
"363100012180109"
"363100012180114"
"363100012180114"
"363100012180118"
"363100012180118"
"363100012180118"
"363100012180119"
"363100012180171"
"363100012180172"
"363100012180173"
"363100012180173"
"363100012180174"
"363100012180175"
"363100012180176"
"363100012180176"
"363100012180251"
"363100012180252"
"363100012180252"
"363100012180253"
"363100012180322"
"363100012180322"
"363100012180327"
"363100012180327"
"363100012180415"
"363100012180415"
"363100012180416"
"363100012180416"
"363100012180418"
"363100012180418"
"363100012180418"
"363100012180419"
"363100012180420"
"363100012180420"
"363100012185845"
"363100012185846"
"363100012171718"
"363100012171718"
"363100012171718"
"363100012171719"
"363100012171719"
"363100012171719"
"363100012171720"
"363100012171720"
"363100012171720"
"363100012171721"
"363100012171721"
"363100012171721"
"363100012171722"
"363100012171722"
"363100012171723"
"363100012171723"
"363100012171724"
"363100012171724"
"363100012171724"
"363100012179801"
"363100012179801"
"363100012180052"
"363100012180052"
"363100012180054"
"363100012180054"
"363100012180055"
"363100012180056"
"363100012180057"
"363100012180057"
"363100012180057"
"363100012180058"
"363100012180058"
"363100012180063"
"363100012180069"
"363100012180069"
"363100012180069"
"363100012180070"
"363100012180070"
"363100012180070"
"363100012180108"
"363100012180108"
"363100012180108"
"363100012180110"
"363100012180110"
"363100012180110"
"363100012180111"
"363100012180111"
"363100012180111"
"363100012180112"
"363100012180112"
"363100012180112"
"363100012180113"
"363100012180113"
"363100012180113"
"363100012180121"
"363100012180121"
"363100012180121"
"363100012180250"
"363100012180250"
"363100012180250"
"363100012180318"
"363100012180318"
"363100012180318"
"363100012180323"
"363100012180323"
"363100012180323"
"363100012180324"
"363100012180324"
"363100012180324"
"363100012180325"
"363100012180325"
"363100012180325"
"363100012180328"
"363100012180328"
"363100012180328"
"363100012180329"
"363100012180329"
"363100012180329"
"363100012180330"
"363100012180330"
"363100012180331"
"363100012180331"
"363100012180331"
"363100012180332"
"363100012180332"
"363100012180333"
"363100012180333"
"363100012165039"
"363100012165039"
"363100012165039"
"363100012167548"
"363100012167548"
"363100012167548"
"363100012167561"
"363100012167561"
"363100012167561"
"363100012167606"
"363100012167606"
"363100012167608"
"363100012167609"
"363100012167609"
"363100012167609"
"363100012167611"
"363100012167611"
"363100012167611"
"363100012167613"
"363100012167613"
"363100012170896"
"363100012171284"
"363100012171284"
"363100012171284"
"363100012171364"
"363100012171364"
"363100012175097"
"363100012175097"
"363100012175102"
"363100012175102"
"363100012175103"
"363100012175103"
"363100012175797"
"363100012175797"
"363100012175797"
"363100012175798"
"363100012175798"
"363100012175798"
"363100012175900"
"363100012175900"
"363100012175909"
"363100012176046"
"363100012176046"
"363100012176049"
"363100012176049"
"363100012176051"
"363100012176063"
"363100012176063"
"363100012176063"
"363100012177076"
"363100012177076"
"363100012177076"
"363100012177077"
"363100012177077"
"363100012177077"
"363100012177078"
"363100012177078"
"363100012177078"
"363100012177083"
"363100012177083"
"363100012177083"
"363100012177120"
"363100012177120"
"363100012177120"
"363100012177156"
"363100012177156"
"363100012177157"
"363100012177157"
"363100012177157"
"363100012177158"
"363100012177158"
"363100012177292"
"363100012177292"
"363100012177292"
"363100012177293"
"363100012177294"
"363100012177294"
"363100012177294"
"363100012177295"
"363100012177296"
"363100012177296"
"363100012177296"
"363100012177367"
"363100012177367"
"363100012171823"
"363100012171823"
"363100012171823"
"363100012171970"
"363100012171970"
"363100012171970"
"363100012176836"
"363100012177021"
"363100012177022"
"363100012177022"
"363100012168038"
"363100012168039"
"363100012168039"
"363100012168039"
"363100012168040"
"363100012168040"
"363100012168040"
"363100012168124"
"363100012168124"
"363100012168125"
"363100012168125"
"363100012168126"
"363100012168128"
"363100012168128"
"363100012169015"
"363100012169015"
"363100012179083"
"363100012179084"
"363100012179085"
"363100012179094"
"363100012179096"
"363100012179096"
"363100012179097"
"363100012179097"
"363100012179099"
"363100012179099"
"363100012179099"
"363100012179369"
"363100012179369"
"363100012179370"
"363100012179370"
"363100012179370"
"363100012179371"
"363100012179372"
"363100012179372"
"363100012179372"
"363100012179373"
"363100012179373"
"363100012179373"
"363100012179374"
"363100012179374"
"363100012179374"
"363100012179375"
"363100012179375"
"363100012179375"
"363100012179376"
"363100012179376"
"363100012179376"
"363100012179378"
"363100012179378"
"363100012179380"
"363100012179380"
"363100012179382"
"363100012179382"
"363100012179383"
"363100012179383"
"363100012179383"
"363100012179429"
"363100012179429"
"363100012179429"
"363100012179432"
"363100012179432"
"363100012179433"
"363100012179436"
"363100012179436"
"363100012179436"
"363100012179437"
"363100012179438"
"363100012179441"
"363100012179441"
"363100012179442"
"363100012179442"
"363100012179448"
"363100012179448"
"363100012179448"
"363100012179449"
"363100012179449"
"363100012179449"
"363100012179450"
"363100012179450"
"363100012179450"
"363100012179452"
"363100012179452"
"363100012179452"
"363100012179454"
"363100012179454"
"363100012179454"
"363100012179502"
"363100012179503"
"363100012179503"
"363100012179503"
"363100012179504"
"363100012179504"
"363100012179504"
"363100012179506"
"363100012179506"
"363100012179507"
"363100012179507"
"363100012179508"
"363100012179508"
"363100012179508"
"363100012179509"
"363100012179510"
"363100012179510"
"363100012179511"
"363100012179511"
"363100012179512"
"363100012179512"
"363100012179512"
"363100012179513"
"363100012179513"
"363100012179513"
"363100012179514"
"363100012179514"
"363100012179514"
"363100012179717"
"363100012179719"
"363100012179719"
"363100012179720"
"363100012179720"
"363100012179720"
"363100012179721"
"363100012179721"
"363100012179721"
"363100012179790"
"363100012179792"
"363100012179792"
"363100012179793"
"363100012179793"
"363100012179794"
"363100012179794"
"363100012179794"
"363100012179795"
"363100012179795"
"363100012179796"
"363100012179796"
"363100012179798"
"363100012179798"
"363100012179798"
"363100012179799"
"363100012179799"
"363100012179799"
"363100012179800"
"363100012179800"
"363100012179800"
"363100012180094"
"363100012180094"
"363100012180095"
"363100012180095"
"363100012180096"
"363100012180096"
"363100012180096"
"363100012180402"
"363100012180402"
"363100012180403"
"363100012180403"
"363100012180404"
"363100012165002"
"363100012165002"
"363100012165002"
"363100012165003"
"363100012165036"
"363100012171824"
"363100012171824"
"363100012171824"
"363100012171971"
"363100012171971"
"363100012171982"
"363100012171982"
"363100012171982"
"363100012171983"
"363100012171983"
"363100012171983"
"363100012175055"
"363100012175055"
"363100012175055"
"363100012175056"
"363100012175058"
"363100012175058"
"363100012175059"
"363100012175059"
"363100012175059"
"363100012175060"
"363100012175060"
"363100012175060"
"363100012175061"
"363100012175061"
"363100012175061"
"363100012175062"
"363100012175062"
"363100012175062"
"363100012175063"
"363100012175063"
"363100012175063"
"363100012175064"
"363100012175064"
"363100012176206"
"363100012176206"
"363100012176206"
"363100012176207"
"363100012176208"
"363100012176208"
"363100012176209"
"363100012176209"
"363100012176210"
"363100012176210"
"363100012176210"
"363100012176211"
"363100012176211"
"363100012176211"
"363100012176213"
"363100012176214"
"363100012176215"
"363100012176216"
"363100012176216"
"363100012176216"
"363100012176217"
"363100012176217"
"363100012176217"
"363100012176829"
"363100012176829"
"363100012177023"
"363100012177023"
"363100012177023"
"363100012177024"
"363100012177024"
"363100012168041"
"363100012168042"
"363100012168043"
"363100012168093"
"363100012168093"
"363100012168094"
"363100012168094"
"363100012168094"
"363100012168095"
"363100012168095"
"363100012168096"
"363100012168123"
"363100012168123"
"363100012168123"
"363100012168175"
"363100012168175"
"363100012168175"
"363100012168176"
"363100012168176"
"363100012168176"
"363100012168177"
"363100012168177"
"363100012168178"
"363100012168178"
"363100012168178"
"363100012168275"
"363100012168275"
"363100012168275"
"363100012169016"
"363100012171218"
"363100012171218"
"363100012171218"
"363100012178184"
"363100012178184"
"363100012178184"
"363100012178185"
"363100012178185"
"363100012178185"
"363100012178186"
"363100012178186"
"363100012178187"
"363100012178187"
"363100012178187"
"363100012178188"
"363100012178189"
"363100012178189"
"363100012178189"
"363100012179443"
"363100012179443"
"363100012179443"
"363100012179444"
"363100012179444"
"363100012179444"
"363100012179445"
"363100012179519"
"363100012179519"
"363100012179521"
"363100012179521"
"363100012179521"
"363100012179522"
"363100012179522"
"363100012179522"
"363100012179812"
"363100012179813"
"363100012179813"
"363100012179813"
"363100012179814"
"363100012179814"
"363100012179814"
"363100012179815"
"363100012179815"
"363100012179815"
"363100012179817"
"363100012179817"
"363100012179817"
"363100012180098"
"363100012180098"
"363100012180098"
"363100012180099"
"363100012180099"
"363100012180099"
"363100012180100"
"363100012180100"
"363100012180100"
"363100012180101"
"363100012180101"
"363100012180101"
"363100012171189"
"363100012171190"
"363100012171190"
"363100012171191"
"363100012171191"
"363100012171191"
"363100012171193"
"363100012171193"
"363100012171193"
"363100012171196"
"363100012171196"
"363100012171197"
"363100012171197"
"363100012171227"
"363100012171227"
"363100012171227"
"363100012171228"
"363100012171228"
"363100012171228"
"363100012179087"
"363100012179087"
"363100012179088"
"363100012179088"
"363100012179091"
"363100012179091"
"363100012179093"
"363100012179093"
"363100012179100"
"363100012179100"
"363100012179100"
"363100012179102"
"363100012179102"
"363100012179102"
"363100012179104"
"363100012179104"
"363100012179716"
"363100012179716"
"363100012179716"
"363100012179797"
"363100012179797"
"363100012179797"
"363100012180222"
"363100012180223"
"363100012180223"
"363100012180224"
"363100012180224"
"363100012180224"
"363100012180225"
"363100012180225"
"363100012180227"
"363100012180227"
"363100012180228"
"363100012180228"
"363100012180228"
"363100012171192"
"363100012171192"
"363100012171192"
"363100012171195"
"363100012171195"
"363100012171195"
"363100012171198"
"363100012171198"
"363100012171198"
"363100012171217"
"363100012171217"
"363100012171217"
"363100012171222"
"363100012171222"
"363100012171222"
"363100012171226"
"363100012171226"
"363100012171226"
"363100012171234"
"363100012171234"
"363100012171234"
"363100012185507"
"363100012185507"
"363100012185507"
"363100012185997"
"363100012185997"
"363100012185997"
"363100012171002"
"363100012171006"
"363100012171006"
"363100012171006"
"363100012171007"
"363100012171007"
"363100012171008"
"363100012171008"
"363100012171008"
"363100012171010"
"363100012171010"
"363100012171011"
"363100012171011"
"363100012171011"
"363100012171012"
"363100012171012"
"363100012171014"
"363100012171014"
"363100012171018"
"363100012171018"
"363100012171019"
"363100012171344"
"363100012171535"
"363100012171535"
"363100012171535"
"363100012171728"
"363100012171728"
"363100012171769"
"363100012171769"
"363100012171769"
"363100012171774"
"363100012171774"
"363100012171774"
"363100012171775"
"363100012171775"
"363100012171775"
"363100012171776"
"363100012171776"
"363100012171776"
"363100012171779"
"363100012171779"
"363100012171779"
"363100012171780"
"363100012171780"
"363100012171780"
"363100012171781"
"363100012171781"
"363100012171781"
"363100012171782"
"363100012171782"
"363100012171782"
"363100012171783"
"363100012171783"
"363100012171783"
"363100012171785"
"363100012171786"
"363100012171862"
"363100012171862"
"363100012171862"
"363100012171863"
"363100012171863"
"363100012171863"
"363100012171864"
"363100012171865"
"363100012171865"
"363100012171927"
"363100012171927"
"363100012171929"
"363100012177810"
"363100012177810"
"363100012177811"
"363100012177811"
"363100012177812"
"363100012177812"
"363100012177813"
"363100012177813"
"363100012177813"
"363100012177833"
"363100012177833"
"363100012177834"
"363100012177834"
"363100012177834"
"363100012177835"
"363100012177835"
"363100012177835"
"363100012177836"
"363100012177836"
"363100012177837"
"363100012177837"
"363100012177837"
"363100012177842"
"363100012177842"
"363100012177843"
"363100012177844"
"363100012177844"
"363100012177845"
"363100012177845"
"363100012177846"
"363100012177846"
"363100012177847"
"363100012177847"
"363100012177848"
"363100012177848"
"363100012177848"
"363100012177849"
"363100012177849"
"363100012177849"
"363100012177850"
"363100012177850"
"363100012177850"
"363100012177851"
"363100012177851"
"363100012177851"
"363100012177852"
"363100012177852"
"363100012177852"
"363100012177853"
"363100012177853"
"363100012177853"
"363100012177854"
"363100012177854"
"363100012178161"
"363100012178161"
"363100012178161"
"363100012178428"
"363100012178428"
"363100012178429"
"363100012178429"
"363100012178429"
"363100012178430"
"363100012178430"
"363100012178431"
"363100012178431"
"363100012178431"
"363100012178432"
"363100012178432"
"363100012178432"
"363100012178433"
"363100012178433"
"363100012178433"
"363100012178434"
"363100012178434"
"363100012178434"
"363100012178436"
"363100012178436"
"363100012178436"
"363100012178437"
"363100012178437"
"363100012178437"
"363100012178438"
"363100012178438"
"363100012178439"
"363100012178439"
"363100012178439"
"363100012178440"
"363100012178441"
"363100012178441"
"363100012178442"
"363100012178442"
"363100012178442"
"363100012178443"
"363100012178443"
"363100012178443"
"363100012178444"
"363100012178444"
"363100012178482"
"363100012178482"
"363100012178483"
"363100012178483"
"363100012178483"
"363100012178506"
"363100012178506"
"363100012178506"
"363100012178508"
"363100012178508"
"363100012178510"
"363100012178510"
"363100012178511"
"363100012178512"
"363100012178513"
"363100012178514"
"363100012178514"
"363100012178514"
"363100012178516"
"363100012178516"
"363100012178517"
"363100012178517"
"363100012178518"
"363100012178519"
"363100012178522"
"363100012178522"
"363100012178522"
"363100012178523"
"363100012178523"
"363100012178523"
"363100012178524"
"363100012178524"
"363100012178524"
"363100012178525"
"363100012178525"
"363100012178526"
"363100012178526"
"363100012178526"
"363100012178528"
"363100012178528"
"363100012178551"
"363100012178551"
"363100012178551"
"363100012178552"
"363100012178554"
"363100012178554"
"363100012178555"
"363100012178556"
"363100012178556"
"363100012178557"
"363100012178558"
"363100012178560"
"363100012178560"
"363100012178560"
"363100012178564"
"363100012178564"
"363100012178565"
"363100012178565"
"363100012178565"
"363100012178566"
"363100012178566"
"363100012178566"
"363100012178596"
"363100012178596"
"363100012178596"
"363100012178597"
"363100012178597"
"363100012178597"
"363100012178598"
"363100012178598"
"363100012178598"
"363100012178599"
"363100012178599"
"363100012178599"
"363100012178600"
"363100012178600"
"363100012178600"
"363100012178601"
"363100012178601"
"363100012178601"
"363100012178602"
"363100012178602"
"363100012178603"
"363100012178603"
"363100012178603"
"363100012178606"
"363100012178606"
"363100012178606"
"363100012181798"
"363100012181798"
"363100012181798"
"363100012181799"
"363100012182272"
"363100012182274"
"363100012182276"
"363100012182276"
"363100012182277"
"363100012182277"
"363100012182277"
"363100012182278"
"363100012182279"
"363100012182280"
"363100012182280"
"363100012182280"
"363100012182283"
"363100012182283"
"363100012182283"
"363100012182284"
"363100012182286"
"363100012182288"
"363100012182288"
"363100012182289"
"363100012182289"
"363100012182292"
"363100012182292"
"363100012182334"
"363100012182334"
"363100012182334"
"363100012182338"
"363100012182338"
"363100012182338"
"363100012182341"
"363100012182342"
"363100012182342"
"363100012182342"
"363100012182343"
"363100012182343"
"363100012182384"
"363100012182385"
"363100012182385"
"363100012182385"
"363100012182386"
"363100012182386"
"363100012182386"
"363100012182387"
"363100012182387"
"363100012182387"
"363100012182411"
"363100012182411"
"363100012182412"
"363100012182412"
"363100012182412"
"363100012182413"
"363100012182413"
"363100012182414"
"363100012182415"
"363100012182415"
"363100012182416"
"363100012182416"
"363100012182417"
"363100012182419"
"363100012182419"
"363100012182419"
"363100012182422"
"363100012182422"
"363100012182453"
"363100012182453"
"363100012182453"
"363100012182454"
"363100012182454"
"363100012182455"
"363100012182489"
"363100012182491"
"363100012182555"
"363100012182555"
"363100012182555"
"363100012182556"
"363100012182557"
"363100012182557"
"363100012182558"
"363100012182558"
"363100012182559"
"363100012182559"
"363100012182559"
"363100012182563"
"363100012182563"
"363100012182588"
"363100012182590"
"363100012182590"
"363100012182590"
"363100012182592"
"363100012182669"
"363100012182669"
"363100012182671"
"363100012182671"
"363100012182671"
"363100012182673"
"363100012182674"
"363100012182674"
"363100012182674"
"363100012182675"
"363100012182675"
"363100012182676"
"363100012182677"
"363100012182677"
"363100012182861"
"363100012182862"
"363100012182862"
"363100012182865"
"363100012182865"
"363100012182865"
"363100012183018"
"363100012183018"
"363100012183018"
"363100012183019"
"363100012183020"
"363100012183020"
"363100012183020"
"363100012183022"
"363100012183023"
"363100012183024"
"363100012183024"
"363100012183027"
"363100012183027"
"363100012183027"
"363100012185917"
"363100012185917"
"363100012186292"
"363100012165435"
"363100012165435"
"363100012165435"
"363100012165436"
"363100012165436"
"363100012165436"
"363100012170924"
"363100012170924"
"363100012170924"
"363100012170925"
"363100012170925"
"363100012170925"
"363100012170926"
"363100012170926"
"363100012170926"
"363100012171343"
"363100012171343"
"363100012171607"
"363100012171608"
"363100012171609"
"363100012171609"
"363100012171609"
"363100012171610"
"363100012182560"
"363100012182560"
"363100012182560"
"363100012182562"
"363100012182562"
"363100012182564"
"363100012182564"
"363100012182564"
"363100012170345"
"363100012170345"
"363100012169221"
"363100012169223"
"363100012169223"
"363100012170273"
"363100012170273"
"363100012170273"
"363100012170275"
"363100012170275"
"363100012170275"
"363100012170276"
"363100012170276"
"363100012170276"
"363100012170277"
"363100012170277"
"363100012170277"
"363100012170278"
"363100012170278"
"363100012170323"
"363100012170324"
"363100012170325"
"363100012170328"
"363100012170328"
"363100012170328"
"363100012170330"
"363100012170330"
"363100012170330"
"363100012170331"
"363100012170332"
"363100012170333"
"363100012170333"
"363100012170333"
"363100012170347"
"363100012170347"
"363100012170347"
"363100012170383"
"363100012170384"
"363100012170384"
"363100012170385"
"363100012170385"
"363100012170385"
"363100012170386"
"363100012170386"
"363100012170387"
"363100012170388"
"363100012170388"
"363100012170388"
"363100012170595"
"363100012170595"
"363100012170595"
"363100012170596"
"363100012170599"
"363100012170599"
"363100012170599"
"363100012170653"
"363100012170653"
"363100012170653"
"363100012170654"
"363100012180540"
"363100012180540"
"363100012180540"
"363100012180541"
"363100012180541"
"363100012180546"
"363100012180546"
"363100012180547"
"363100012180547"
"363100012180550"
"363100012180550"
"363100012180552"
"363100012180552"
"363100012180553"
"363100012180553"
"363100012180554"
"363100012180554"
"363100012180556"
"363100012180556"
"363100012180563"
"363100012180563"
"363100012180564"
"363100012180564"
"363100012180565"
"363100012180565"
"363100012180565"
"363100012180566"
"363100012180566"
"363100012180568"
"363100012180569"
"363100012180571"
"363100012180572"
"363100012180572"
"363100012180573"
"363100012180573"
"363100012180574"
"363100012180575"
"363100012180575"
"363100012180576"
"363100012180576"
"363100012180576"
"363100012180577"
"363100012180577"
"363100012180577"
"363100012180632"
"363100012180632"
"363100012180633"
"363100012180633"
"363100012180635"
"363100012180635"
"363100012180638"
"363100012180638"
"363100012180638"
"363100012180639"
"363100012180639"
"363100012180639"
"363100012180691"
"363100012180691"
"363100012180692"
"363100012180693"
"363100012180694"
"363100012180694"
"363100012180694"
"363100012180695"
"363100012180695"
"363100012180695"
"363100012180696"
"363100012180696"
"363100012180698"
"363100012180791"
"363100012181600"
"363100012181600"
"363100012181602"
"363100012181602"
"363100012181602"
"363100012181603"
"363100012181663"
"363100012169751"
"363100012169751"
"363100012169752"
"363100012170655"
"363100012170655"
"363100012170873"
"363100012180755"
"363100012180756"
"363100012180756"
"363100012180757"
"363100012180757"
"363100012180757"
"363100012180760"
"363100012180760"
"363100012180793"
"363100012180793"
"363100012181664"
"363100012164933"
"363100012164933"
"363100012169224"
"363100012169761"
"363100012169761"
"363100012169761"
"363100012170327"
"363100012170327"
"363100012170327"
"363100012170527"
"363100012170527"
"363100012170527"
"363100012170528"
"363100012170534"
"363100012170535"
"363100012170536"
"363100012170536"
"363100012170537"
"363100012170537"
"363100012170579"
"363100012170582"
"363100012170584"
"363100012170588"
"363100012170588"
"363100012170589"
"363100012170589"
"363100012170589"
"363100012170590"
"363100012170591"
"363100012170591"
"363100012170593"
"363100012170594"
"363100012170594"
"363100012170594"
"363100012180533"
"363100012180535"
"363100012180535"
"363100012180535"
"363100012180536"
"363100012180538"
"363100012180538"
"363100012180539"
"363100012180771"
"363100012180779"
"363100012180779"
"363100012180779"
"363100012180781"
"363100012180782"
"363100012181507"
"363100012181508"
"363100012181508"
"363100012181584"
"363100012181585"
"363100012181586"
"363100012181587"
"363100012181588"
"363100012181590"
"363100012181591"
"363100012181592"
"363100012181593"
"363100012181594"
"363100012181594"
"363100012181594"
"363100012181598"
"363100012181598"
"363100012181599"
"363100012181599"
"363100012169769"
"363100012169769"
"363100012170265"
"363100012170265"
"363100012170265"
"363100012170578"
"363100012170578"
"363100012170639"
"363100012170639"
"363100012170710"
"363100012180736"
"363100012180736"
"363100012180738"
"363100012180738"
"363100012180738"
"363100012180751"
"363100012180752"
"363100012180752"
"363100012185678"
"363100012185678"
"363100012185679"
"363100012185679"
"363100012185681"
"363100012185681"
"363100012185682"
"363100012185682"
"363100012185682"
"363100012185683"
"363100012064623"
"363100012064623"
"363100012065376"
"363100012065376"
"363100012072823"
"363100012072823"
"363100012073199"
"363100012073199"
"363100012082564"
"363100012084065"
"363100012084065"
"363100012084065"
"363100012093688"
"363100012093688"
"363100012103634"
"363100012103634"
"363100012103634"
"363100012103807"
"363100012103807"
"363100012106213"
"363100012106213"
"363100012110005"
"363100012110005"
"363100012110005"
"363100012110277"
"363100012110277"
"363100012110277"
"363100012110443"
"363100012110443"
"363100012110443"
"363100012114054"
"363100012114054"
"363100012114054"
"363100012115100"
"363100012122268"
"363100012126116"
"363100012126116"
"363100012126116"
"363100012126893"
"363100012128766"
"363100012128766"
"363100012128766"
"363100012133996"
"363100012133996"
"363100012133996"
"363100012141513"
"363100012141513"
"363100012141513"
"363100012143163"
"363100012143163"
"363100012144081"
"363100012144081"
"363100012144081"
"363100012144791"
"363100012144791"
"363100012145297"
"363100012145297"
"363100012145484"
"363100012147169"
"363100012147169"
"363100012151556"
"363100012154868"
"363100012154868"
"363100012159631"
"363100012159631"
"363100012159631"
"363100012167122"
"363100012167122"
"363100012246105"
"363100012246105"
"363100012246105"
"363100012120788"
"363100012120788"
"363100012108611"
"363100012108611"
"363100012108611"
"363100012130950"
"363100012130950"
"363100012130950"
"363100012062734"
"363100012141718"
"363100012145951"
"363100012145951"
"363100012150809"
"363100012237837"
"363100012237837"
"363100012243285"
"363100012243285"
"363100012243754"
"363100012243754"
"363100012243754"
"363100012078841"
"363100012078841"
"363100012078841"
"363100012122364"
"363100012122364"
"363100012143873"
"363100012243831"
"363100012243831"
"363100012081180"
"363100012116015"
"363100012116015"
"363100012116015"
"363100012117109"
"363100012131312"
"363100012131312"
"363100012131312"
"363100012141824"
"363100012141824"
"363100012142295"
"363100012142295"
"363100012089966"
"363100012138322"
"363100012138322"
"363100012138322"
"363100012151902"
"363100012151902"
"363100012151902"
"363100012063716"
"363100012063716"
"363100012087938"
"363100012087938"
"363100012198032"
"363100012067443"
"363100012067443"
"363100012075440"
"363100012075440"
"363100012075440"
"363100012075767"
"363100012075767"
"363100012075767"
"363100012086233"
"363100012086233"
"363100012086233"
"363100012086841"
"363100012086841"
"363100012125580"
"363100012136392"
"363100012136392"
"363100012145348"
"363100012145348"
"363100012145348"
"363100012154425"
"363100012154425"
"363100012154425"
"363100012241369"
"363100012241369"
"363100012241369"
"363100012067765"
"363100012067765"
"363100012069525"
"363100012082489"
"363100012082489"
"363100012083360"
"363100012083360"
"363100012096061"
"363100012107353"
"363100012107353"
"363100012107353"
"363100012113331"
"363100012113331"
"363100012113331"
"363100012118696"
"363100012118696"
"363100012118696"
"363100012121271"
"363100012121271"
"363100012121271"
"363100012128589"
"363100012128589"
"363100012142873"
"363100012143268"
"363100012143268"
"363100012147265"
"363100012147908"
"363100012147908"
"363100012241381"
"363100012241381"
"363100012233307"
"363100012233307"
"363100012233307"
"363100012095740"
"363100012095740"
"363100012101272"
"363100012101272"
"363100012101272"
"363100012238394"
"363100012238394"
"363100012238394"
"363100012069077"
"363100012069077"
"363100012069077"
"363100012241631"
"363100012241631"
"363100012241631"
"363100012088452"
"363100012088452"
"363100012088452"
"363100012154643"
"363100012154643"
"363100012154643"
"363100012239303"
"363100012239303"
"363100012239303"
"363100012085093"
"363100012111496"
"363100012129322"
"363100012132058"
"363100012102687"
"363100012075389"
"363100012075389"
"363100012085430"
"363100012085430"
"363100012085430"
"363100012125610"
"363100012125610"
"363100012147686"
"363100012147686"
"363100012147686"
"363100012069888"
"363100012069888"
"363100012069888"
"363100012070106"
"363100012070106"
"363100012076516"
"363100012076516"
"363100012077034"
"363100012077034"
"363100012077034"
"363100012082157"
"363100012082157"
"363100012083249"
"363100012083249"
"363100012085700"
"363100012085700"
"363100012091473"
"363100012091473"
"363100012091691"
"363100012091691"
"363100012092734"
"363100012092734"
"363100012097357"
"363100012097357"
"363100012097357"
"363100012115544"
"363100012115544"
"363100012115544"
"363100012116408"
"363100012116408"
"363100012141557"
"363100012141557"
"363100012061451"
"363100012065677"
"363100012066438"
"363100012066438"
"363100012066438"
"363100012067127"
"363100012067127"
"363100012067127"
"363100012071735"
"363100012071735"
"363100012072683"
"363100012072683"
"363100012072683"
"363100012073420"
"363100012075261"
"363100012075261"
"363100012076551"
"363100012077550"
"363100012077550"
"363100012078486"
"363100012079859"
"363100012079859"
"363100012079859"
"363100012080674"
"363100012081302"
"363100012081302"
"363100012082500"
"363100012082500"
"363100012084039"
"363100012084039"
"363100012084190"
"363100012084190"
"363100012084631"
"363100012086151"
"363100012086151"
"363100012086151"
"363100012086808"
"363100012086808"
"363100012086808"
"363100012087671"
"363100012087671"
"363100012088595"
"363100012088595"
"363100012089775"
"363100012089881"
"363100012089881"
"363100012095127"
"363100012095127"
"363100012098816"
"363100012098816"
"363100012100922"
"363100012105757"
"363100012105757"
"363100012106520"
"363100012106520"
"363100012106520"
"363100012106823"
"363100012106823"
"363100012109657"
"363100012110676"
"363100012110676"
"363100012110676"
"363100012110845"
"363100012110845"
"363100012112166"
"363100012115408"
"363100012115408"
"363100012115408"
"363100012116831"
"363100012116831"
"363100012117096"
"363100012120202"
"363100012120202"
"363100012120202"
"363100012120979"
"363100012122552"
"363100012123311"
"363100012123311"
"363100012123311"
"363100012123672"
"363100012123672"
"363100012127750"
"363100012129947"
"363100012129947"
"363100012134468"
"363100012134468"
"363100012134468"
"363100012136189"
"363100012136189"
"363100012136189"
"363100012137901"
"363100012137901"
"363100012140058"
"363100012140058"
"363100012140058"
"363100012143620"
"363100012143620"
"363100012146824"
"363100012146824"
"363100012146824"
"363100012154756"
"363100012089104"
"363100012089104"
"363100012089104"
"363100012063593"
"363100012070339"
"363100012070339"
"363100012072523"
"363100012072523"
"363100012072523"
"363100012072639"
"363100012072639"
"363100012072639"
"363100012072935"
"363100012072935"
"363100012080066"
"363100012080066"
"363100012080328"
"363100012080328"
"363100012080328"
"363100012086488"
"363100012086488"
"363100012096880"
"363100012096880"
"363100012096880"
"363100012097390"
"363100012097390"
"363100012097390"
"363100012100091"
"363100012100091"
"363100012100731"
"363100012100731"
"363100012102895"
"363100012106134"
"363100012106134"
"363100012106134"
"363100012108879"
"363100012113164"
"363100012113980"
"363100012113980"
"363100012113980"
"363100012119674"
"363100012119674"
"363100012119674"
"363100012120333"
"363100012120333"
"363100012120333"
"363100012125548"
"363100012125943"
"363100012125943"
"363100012125943"
"363100012129058"
"363100012129058"
"363100012130825"
"363100012130825"
"363100012130825"
"363100012133052"
"363100012133052"
"363100012133052"
"363100012135101"
"363100012135101"
"363100012136299"
"363100012136609"
"363100012138939"
"363100012138939"
"363100012139139"
"363100012139139"
"363100012139139"
"363100012141862"
"363100012141862"
"363100012141863"
"363100012141863"
"363100012149771"
"363100012149771"
"363100012151588"
"363100012237932"
"363100012237932"
"363100012237932"
"363100012239461"
"363100012239461"
"363100012239461"
"363100012240394"
"363100012240394"
"363100012240394"
"363100012240395"
"363100012240395"
"363100012240395"
"363100012240396"
"363100012240396"
"363100012240396"
"363100012240397"
"363100012240397"
"363100012240404"
"363100012240404"
"363100012240406"
"363100012240407"
"363100012240407"
"363100012240408"
"363100012240408"
"363100012240409"
"363100012240409"
"363100012107026"
"363100012135885"
"363100012135885"
"363100012155591"
"363100012161187"
"363100012161187"
"363100012161601"
"363100012162605"
"363100012167417"
"363100012158605"
"363100012240902"
"363100012240902"
"363100012096401"
"363100012096401"
"363100012096401"
"363100012132203"
"363100012077809"
"363100012114771"
"363100012140420"
"363100012140420"
"363100012105289"
"363100012110249"
"363100012066037"
"363100012066037"
"363100012066037"
"363100012088225"
"363100012088225"
"363100012094825"
"363100012094825"
"363100012094825"
"363100012097212"
"363100012100083"
"363100012106776"
"363100012106776"
"363100012115572"
"363100012121995"
"363100012121995"
"363100012138857"
"363100012138857"
"363100012138857"
"363100012141094"
"363100012141094"
"363100012141094"
"363100012143227"
"363100012109409"
"363100012109409"
"363100012154685"
"363100012154685"
"363100012154685"
"363100012104244"
"363100012104244"
"363100012064694"
"363100012065609"
"363100012068995"
"363100012068995"
"363100012068995"
"363100012076179"
"363100012076179"
"363100012076179"
"363100012079580"
"363100012079580"
"363100012079580"
"363100012085245"
"363100012085245"
"363100012086949"
"363100012086949"
"363100012086949"
"363100012091596"
"363100012091596"
"363100012092649"
"363100012092649"
"363100012099012"
"363100012116632"
"363100012124626"
"363100012124626"
"363100012124924"
"363100012132539"
"363100012132539"
"363100012143787"
"363100012143787"
"363100012143787"
"363100012149216"
"363100012149216"
"363100012068078"
"363100012068078"
"363100012068078"
"363100012072308"
"363100012072308"
"363100012072308"
"363100012076921"
"363100012076921"
"363100012079512"
"363100012079512"
"363100012079512"
"363100012080620"
"363100012080620"
"363100012080620"
"363100012090471"
"363100012090471"
"363100012090471"
"363100012099549"
"363100012107208"
"363100012107208"
"363100012107208"
"363100012109304"
"363100012109840"
"363100012109840"
"363100012109840"
"363100012112456"
"363100012112456"
"363100012112456"
"363100012114798"
"363100012115054"
"363100012115054"
"363100012115054"
"363100012115399"
"363100012115399"
"363100012115399"
"363100012122110"
"363100012122110"
"363100012124952"
"363100012124952"
"363100012124952"
"363100012129997"
"363100012129997"
"363100012129997"
"363100012134632"
"363100012145742"
"363100012146404"
"363100012146404"
"363100012151496"
"363100012151496"
"363100012151496"
"363100012241032"
"363100012065053"
"363100012065053"
"363100012065053"
"363100012131039"
"363100012131039"
"363100012131039"
"363100012087968"
"363100012087968"
"363100012087968"
"363100012098602"
"363100012102558"
"363100012126758"
"363100012126758"
"363100012062729"
"363100012062729"
"363100012062729"
"363100012064392"
"363100012065516"
"363100012066473"
"363100012066473"
"363100012066473"
"363100012066765"
"363100012066765"
"363100012066765"
"363100012067991"
"363100012067991"
"363100012067991"
"363100012071140"
"363100012072489"
"363100012072489"
"363100012072489"
"363100012072615"
"363100012072676"
"363100012073141"
"363100012073141"
"363100012073141"
"363100012073972"
"363100012073972"
"363100012073972"
"363100012073983"
"363100012073983"
"363100012073983"
"363100012074107"
"363100012075951"
"363100012075951"
"363100012076883"
"363100012076883"
"363100012076883"
"363100012077108"
"363100012077108"
"363100012077108"
"363100012079013"
"363100012079874"
"363100012079874"
"363100012079874"
"363100012081333"
"363100012081795"
"363100012081795"
"363100012081795"
"363100012082072"
"363100012082072"
"363100012082119"
"363100012082557"
"363100012082557"
"363100012082557"
"363100012082941"
"363100012082941"
"363100012082941"
"363100012084164"
"363100012084343"
"363100012084343"
"363100012084821"
"363100012084821"
"363100012084821"
"363100012086871"
"363100012088118"
"363100012090115"
"363100012090115"
"363100012092078"
"363100012092078"
"363100012092325"
"363100012094752"
"363100012098292"
"363100012098292"
"363100012098292"
"363100012099132"
"363100012099132"
"363100012100580"
"363100012100580"
"363100012100669"
"363100012100669"
"363100012100669"
"363100012101945"
"363100012101945"
"363100012101945"
"363100012101946"
"363100012101946"
"363100012101946"
"363100012102822"
"363100012102822"
"363100012108427"
"363100012108427"
"363100012108427"
"363100012110089"
"363100012111401"
"363100012111401"
"363100012111401"
"363100012112136"
"363100012113246"
"363100012113246"
"363100012113918"
"363100012113918"
"363100012123644"
"363100012125074"
"363100012125281"
"363100012125281"
"363100012125281"
"363100012125669"
"363100012125669"
"363100012127236"
"363100012127236"
"363100012129132"
"363100012129132"
"363100012129132"
"363100012131899"
"363100012131899"
"363100012133080"
"363100012133080"
"363100012135014"
"363100012135194"
"363100012136307"
"363100012137149"
"363100012137843"
"363100012137843"
"363100012137843"
"363100012138541"
"363100012141325"
"363100012142112"
"363100012142984"
"363100012143326"
"363100012143326"
"363100012143326"
"363100012143580"
"363100012143580"
"363100012144157"
"363100012144157"
"363100012144157"
"363100012147652"
"363100012147652"
"363100012147653"
"363100012147653"
"363100012147653"
"363100012149627"
"363100012149652"
"363100012149652"
"363100012150291"
"363100012150291"
"363100012150291"
"363100012151399"
"363100012151399"
"363100012152129"
"363100012152129"
"363100012152722"
"363100012152722"
"363100012152722"
"363100012153710"
"363100012153710"
"363100012153710"
"363100012154377"
"363100012154861"
"363100012154861"
"363100012154861"
"363100012155087"
"363100012155677"
"363100012155677"
"363100012155810"
"363100012155810"
"363100012155810"
"363100012156903"
"363100012156903"
"363100012159153"
"363100012159153"
"363100012159153"
"363100012160109"
"363100012160526"
"363100012160526"
"363100012160526"
"363100012161333"
"363100012161333"
"363100012161333"
"363100012161452"
"363100012161452"
"363100012161452"
"363100012162126"
"363100012162126"
"363100012164772"
"363100012165909"
"363100012165909"
"363100012166161"
"363100012166161"
"363100012233656"
"363100012233656"
"363100012236797"
"363100012236797"
"363100012236797"
"363100012237311"
"363100012237311"
"363100012237311"
"363100012119106"
"363100012119106"
"363100012119106"
"363100012061440"
"363100012061440"
"363100012063147"
"363100012063147"
"363100012064808"
"363100012064808"
"363100012066502"
"363100012066502"
"363100012066502"
"363100012074850"
"363100012074850"
"363100012074850"
"363100012086223"
"363100012087750"
"363100012089053"
"363100012089053"
"363100012094692"
"363100012094692"
"363100012094692"
"363100012095450"
"363100012095450"
"363100012095450"
"363100012097653"
"363100012097653"
"363100012118411"
"363100012118411"
"363100012118843"
"363100012118843"
"363100012118843"
"363100012120586"
"363100012120586"
"363100012120586"
"363100012122745"
"363100012124403"
"363100012124403"
"363100012128869"
"363100012130780"
"363100012130780"
"363100012132841"
"363100012132987"
"363100012133894"
"363100012138727"
"363100012138727"
"363100012142931"
"363100012142931"
"363100012145823"
"363100012153187"
"363100012155430"
"363100012155430"
"363100012155430"
"363100012155482"
"363100012155865"
"363100012155865"
"363100012155865"
"363100012155972"
"363100012156016"
"363100012156016"
"363100012156016"
"363100012156202"
"363100012156221"
"363100012156221"
"363100012156250"
"363100012156653"
"363100012156653"
"363100012156826"
"363100012157221"
"363100012157221"
"363100012157221"
"363100012157359"
"363100012157359"
"363100012157359"
"363100012157629"
"363100012157629"
"363100012157629"
"363100012157992"
"363100012157992"
"363100012157992"
"363100012158708"
"363100012158708"
"363100012158897"
"363100012159330"
"363100012159330"
"363100012159975"
"363100012159975"
"363100012159975"
"363100012160234"
"363100012160552"
"363100012160552"
"363100012160552"
"363100012161203"
"363100012162528"
"363100012162528"
"363100012162528"
"363100012162747"
"363100012162995"
"363100012162995"
"363100012162995"
"363100012163031"
"363100012163031"
"363100012163147"
"363100012163147"
"363100012163147"
"363100012163269"
"363100012163269"
"363100012163456"
"363100012163542"
"363100012163542"
"363100012163578"
"363100012163578"
"363100012163578"
"363100012165298"
"363100012165450"
"363100012165450"
"363100012166382"
"363100012166633"
"363100012166633"
"363100012166652"
"363100012166652"
"363100012166652"
"363100012166896"
"363100012166896"
"363100012167194"
"363100012183995"
"363100012183995"
"363100012183995"
"363100012236026"
"363100012236945"
"363100012236951"
"363100012237192"
"363100012237192"
"363100012113499"
"363100012113499"
"363100012113499"
"363100012146757"
"363100012146757"
"363100012152892"
"363100012152892"
"363100012153285"
"363100012154374"
"363100012154374"
"363100012154374"
"363100012155826"
"363100012156862"
"363100012156980"
"363100012156980"
"363100012156980"
"363100012159807"
"363100012160069"
"363100012160069"
"363100012163438"
"363100012163438"
"363100012163438"
"363100012163809"
"363100012163809"
"363100012163809"
"363100012163987"
"363100012163987"
"363100012163987"
"363100012164132"
"363100012164132"
"363100012164132"
"363100012165722"
"363100012165722"
"363100012165722"
"363100012166836"
"363100012167371"
"363100012225420"
"363100012225420"
"363100012225420"
"363100012117176"
"363100012117176"
"363100012117176"
"363100012119643"
"363100012120274"
"363100012130540"
"363100012130540"
"363100012132571"
"363100012132571"
"363100012132571"
"363100012145745"
"363100012145745"
"363100012152427"
"363100012153184"
"363100012153184"
"363100012153692"
"363100012153692"
"363100012153692"
"363100012155423"
"363100012155423"
"363100012155536"
"363100012155536"
"363100012159396"
"363100012160379"
"363100012160379"
"363100012160379"
"363100012160563"
"363100012160827"
"363100012160827"
"363100012160827"
"363100012162143"
"363100012163140"
"363100012163140"
"363100012163140"
"363100012163467"
"363100012163467"
"363100012163856"
"363100012163856"
"363100012165775"
"363100012165775"
"363100012165775"
"363100012072494"
"363100012072494"
"363100012072494"
"363100012075001"
"363100012075001"
"363100012079847"
"363100012086266"
"363100012086266"
"363100012086266"
"363100012093782"
"363100012093782"
"363100012111072"
"363100012111072"
"363100012124813"
"363100012124813"
"363100012129268"
"363100012129268"
"363100012129268"
"363100012138754"
"363100012138754"
"363100012152790"
"363100012152790"
"363100012152915"
"363100012152915"
"363100012156859"
"363100012156859"
"363100012157415"
"363100012157415"
"363100012157442"
"363100012157442"
"363100012157442"
"363100012158461"
"363100012158461"
"363100012158621"
"363100012160309"
"363100012160309"
"363100012160673"
"363100012160756"
"363100012164616"
"363100012164616"
"363100012164616"
"363100012167164"
"363100012167164"
"363100012167279"
"363100012167279"
"363100012167279"
"363100012196113"
"363100012196113"
"363100012153809"
"363100012153809"
"363100012153809"
"363100012158567"
"363100012160304"
"363100012162292"
"363100012162296"
"363100012162296"
"363100012162296"
"363100012162564"
"363100012162564"
"363100012162564"
"363100012165162"
"363100012165162"
"363100012236950"
"363100012236950"
"363100012152588"
"363100012152588"
"363100012155387"
"363100012155387"
"363100012155480"
"363100012155480"
"363100012155851"
"363100012155979"
"363100012155979"
"363100012156038"
"363100012156038"
"363100012156041"
"363100012156041"
"363100012156041"
"363100012156387"
"363100012156437"
"363100012156549"
"363100012156549"
"363100012156799"
"363100012156799"
"363100012157497"
"363100012157497"
"363100012157497"
"363100012157635"
"363100012157635"
"363100012158133"
"363100012158133"
"363100012158169"
"363100012158169"
"363100012158169"
"363100012158290"
"363100012158821"
"363100012158821"
"363100012159003"
"363100012159003"
"363100012159003"
"363100012159076"
"363100012159076"
"363100012161003"
"363100012161003"
"363100012161003"
"363100012161323"
"363100012161658"
"363100012161658"
"363100012161658"
"363100012162268"
"363100012163257"
"363100012163257"
"363100012163739"
"363100012163739"
"363100012164570"
"363100012164570"
"363100012165311"
"363100012165311"
"363100012165565"
"363100012165565"
"363100012166571"
"363100012166696"
"363100012167138"
"363100012167138"
"363100012167329"
"363100012167329"
"363100012167384"
"363100012236039"
"363100012236039"
"363100012236489"
"363100012236489"
"363100012236551"
"363100012236551"
"363100012236634"
"363100012236634"
"363100012069299"
"363100012069299"
"363100012069299"
"363100012072490"
"363100012073607"
"363100012074699"
"363100012080488"
"363100012080488"
"363100012080820"
"363100012080820"
"363100012083287"
"363100012083694"
"363100012083694"
"363100012089920"
"363100012089920"
"363100012092965"
"363100012095050"
"363100012105914"
"363100012105914"
"363100012105914"
"363100012106222"
"363100012106222"
"363100012106222"
"363100012107231"
"363100012114199"
"363100012114199"
"363100012116617"
"363100012119816"
"363100012120082"
"363100012120082"
"363100012120082"
"363100012120394"
"363100012120394"
"363100012131972"
"363100012131972"
"363100012137440"
"363100012137440"
"363100012137440"
"363100012139687"
"363100012146085"
"363100012146085"
"363100012146663"
"363100012146663"
"363100012146931"
"363100012146931"
"363100012146931"
"363100012150977"
"363100012150977"
"363100012151068"
"363100012152278"
"363100012152278"
"363100012152278"
"363100012152585"
"363100012152585"
"363100012152655"
"363100012152756"
"363100012152788"
"363100012152788"
"363100012152954"
"363100012152954"
"363100012152954"
"363100012153096"
"363100012153096"
"363100012153096"
"363100012153249"
"363100012153249"
"363100012153249"
"363100012153290"
"363100012153290"
"363100012153451"
"363100012153455"
"363100012153664"
"363100012153767"
"363100012153840"
"363100012153840"
"363100012154092"
"363100012154092"
"363100012154092"
"363100012154132"
"363100012154187"
"363100012154187"
"363100012154271"
"363100012154362"
"363100012154362"
"363100012154378"
"363100012154378"
"363100012155043"
"363100012155373"
"363100012155448"
"363100012155448"
"363100012155487"
"363100012155487"
"363100012155570"
"363100012155570"
"363100012155602"
"363100012155602"
"363100012155648"
"363100012155648"
"363100012155683"
"363100012155683"
"363100012155884"
"363100012155884"
"363100012155884"
"363100012155966"
"363100012156030"
"363100012156030"
"363100012156308"
"363100012156308"
"363100012156308"
"363100012156354"
"363100012156354"
"363100012156561"
"363100012156714"
"363100012156714"
"363100012156760"
"363100012156905"
"363100012156905"
"363100012156905"
"363100012156929"
"363100012156929"
"363100012156929"
"363100012156933"
"363100012156933"
"363100012157020"
"363100012157056"
"363100012157056"
"363100012157078"
"363100012157118"
"363100012157118"
"363100012157234"
"363100012157295"
"363100012157325"
"363100012157469"
"363100012157469"
"363100012157636"
"363100012157705"
"363100012157705"
"363100012157705"
"363100012157777"
"363100012157777"
"363100012157980"
"363100012158208"
"363100012158208"
"363100012158251"
"363100012158296"
"363100012158296"
"363100012158311"
"363100012158345"
"363100012158565"
"363100012158565"
"363100012158565"
"363100012158754"
"363100012158786"
"363100012158786"
"363100012158786"
"363100012158860"
"363100012158860"
"363100012158863"
"363100012158957"
"363100012158957"
"363100012158984"
"363100012159030"
"363100012159423"
"363100012159586"
"363100012159586"
"363100012159590"
"363100012159590"
"363100012159590"
"363100012159633"
"363100012159633"
"363100012159668"
"363100012159840"
"363100012159987"
"363100012160182"
"363100012160210"
"363100012160254"
"363100012160389"
"363100012160409"
"363100012160464"
"363100012160464"
"363100012160464"
"363100012160530"
"363100012160723"
"363100012160894"
"363100012161070"
"363100012161070"
"363100012161169"
"363100012161238"
"363100012161238"
"363100012161463"
"363100012161627"
"363100012161627"
"363100012161627"
"363100012161699"
"363100012161792"
"363100012162025"
"363100012162170"
"363100012162170"
"363100012162255"
"363100012162279"
"363100012162279"
"363100012162415"
"363100012162415"
"363100012162858"
"363100012162858"
"363100012162860"
"363100012162860"
"363100012162860"
"363100012162955"
"363100012162955"
"363100012162955"
"363100012163077"
"363100012163077"
"363100012163209"
"363100012163242"
"363100012163359"
"363100012163420"
"363100012163420"
"363100012163532"
"363100012163607"
"363100012163956"
"363100012164041"
"363100012164430"
"363100012164505"
"363100012164602"
"363100012164602"
"363100012164704"
"363100012164704"
"363100012164731"
"363100012164731"
"363100012164834"
"363100012164834"
"363100012164922"
"363100012165148"
"363100012165148"
"363100012165228"
"363100012165562"
"363100012165630"
"363100012165854"
"363100012166181"
"363100012166181"
"363100012166203"
"363100012166203"
"363100012166227"
"363100012166227"
"363100012166269"
"363100012166269"
"363100012166286"
"363100012166286"
"363100012166365"
"363100012166365"
"363100012166497"
"363100012166702"
"363100012166712"
"363100012166712"
"363100012166972"
"363100012166986"
"363100012166986"
"363100012166986"
"363100012167123"
"363100012167123"
"363100012167123"
"363100012167229"
"363100012167229"
"363100012167401"
"363100012167401"
"363100012236259"
"363100012236259"
"363100012236259"
"363100012236778"
"363100012236778"
"363100012237044"
"363100012237044"
"363100012237085"
"363100012237112"
"363100012237112"
"363100012237112"
"363100012237147"
"363100012237242"
"363100012237242"
"363100012237356"
"363100012239868"
"363100012068918"
"363100012086530"
"363100012086530"
"363100012088078"
"363100012088078"
"363100012090007"
"363100012090007"
"363100012091729"
"363100012091729"
"363100012091729"
"363100012094403"
"363100012094403"
"363100012095510"
"363100012111929"
"363100012111929"
"363100012111929"
"363100012112945"
"363100012112945"
"363100012118181"
"363100012118181"
"363100012118212"
"363100012123934"
"363100012126364"
"363100012126364"
"363100012126364"
"363100012126751"
"363100012126751"
"363100012127467"
"363100012127467"
"363100012128876"
"363100012128876"
"363100012128876"
"363100012131644"
"363100012140609"
"363100012140609"
"363100012140609"
"363100012143675"
"363100012143675"
"363100012148089"
"363100012148089"
"363100012148089"
"363100012152634"
"363100012152634"
"363100012152634"
"363100012152762"
"363100012152762"
"363100012152917"
"363100012152917"
"363100012152917"
"363100012153012"
"363100012153012"
"363100012153286"
"363100012153286"
"363100012153333"
"363100012153333"
"363100012153415"
"363100012153439"
"363100012153802"
"363100012153802"
"363100012154140"
"363100012154140"
"363100012154168"
"363100012154168"
"363100012154168"
"363100012154223"
"363100012154223"
"363100012154223"
"363100012154242"
"363100012154242"
"363100012155704"
"363100012155704"
"363100012156042"
"363100012156042"
"363100012156042"
"363100012156223"
"363100012156223"
"363100012156223"
"363100012156456"
"363100012156990"
"363100012156990"
"363100012157033"
"363100012157122"
"363100012157230"
"363100012157230"
"363100012157342"
"363100012157342"
"363100012157572"
"363100012157572"
"363100012157686"
"363100012157785"
"363100012157822"
"363100012157822"
"363100012157822"
"363100012157871"
"363100012157871"
"363100012157934"
"363100012157934"
"363100012157934"
"363100012158173"
"363100012158173"
"363100012158563"
"363100012158654"
"363100012158865"
"363100012158865"
"363100012158865"
"363100012160042"
"363100012160042"
"363100012160042"
"363100012160329"
"363100012160355"
"363100012160355"
"363100012160355"
"363100012160387"
"363100012160427"
"363100012160541"
"363100012160636"
"363100012161311"
"363100012161311"
"363100012161459"
"363100012162069"
"363100012162069"
"363100012162069"
"363100012162124"
"363100012162124"
"363100012162124"
"363100012162601"
"363100012162895"
"363100012162895"
"363100012162895"
"363100012162925"
"363100012163050"
"363100012163050"
"363100012163050"
"363100012163061"
"363100012163061"
"363100012163190"
"363100012163190"
"363100012163190"
"363100012163231"
"363100012163231"
"363100012164038"
"363100012164038"
"363100012164275"
"363100012164275"
"363100012164275"
"363100012164591"
"363100012165929"
"363100012165929"
"363100012165929"
"363100012166267"
"363100012166267"
"363100012166442"
"363100012166525"
"363100012166525"
"363100012167010"
"363100012167010"
"363100012167125"
"363100012167125"
"363100012167208"
"363100012167208"
"363100012167392"
"363100012167419"
"363100012167419"
"363100012167419"
"363100012167430"
"363100012167430"
"363100012233608"
"363100012233608"
"363100012233608"
"363100012235995"
"363100012235995"
"363100012236230"
"363100012236230"
"363100012236240"
"363100012236240"
"363100012236240"
"363100012236249"
"363100012236249"
"363100012236249"
"363100012236377"
"363100012236407"
"363100012236407"
"363100012236407"
"363100012236949"
"363100012236949"
"363100012236949"
"363100012237289"
"363100012237353"
"363100012061459"
"363100012061459"
"363100012063474"
"363100012063967"
"363100012064197"
"363100012064632"
"363100012064632"
"363100012064962"
"363100012064962"
"363100012068930"
"363100012068930"
"363100012069628"
"363100012071842"
"363100012071842"
"363100012074350"
"363100012074472"
"363100012074703"
"363100012074703"
"363100012074770"
"363100012074770"
"363100012076591"
"363100012076591"
"363100012077941"
"363100012077942"
"363100012078612"
"363100012078716"
"363100012078716"
"363100012079704"
"363100012079704"
"363100012080474"
"363100012080474"
"363100012080487"
"363100012080487"
"363100012080487"
"363100012081126"
"363100012081126"
"363100012082005"
"363100012084780"
"363100012085136"
"363100012085257"
"363100012085419"
"363100012086543"
"363100012087400"
"363100012087400"
"363100012087556"
"363100012087556"
"363100012087829"
"363100012088187"
"363100012088187"
"363100012088454"
"363100012088454"
"363100012089075"
"363100012089983"
"363100012089983"
"363100012089983"
"363100012089984"
"363100012091303"
"363100012092736"
"363100012092799"
"363100012092799"
"363100012093751"
"363100012093751"
"363100012093751"
"363100012094592"
"363100012095179"
"363100012095179"
"363100012096111"
"363100012096111"
"363100012096690"
"363100012096690"
"363100012097663"
"363100012098236"
"363100012100697"
"363100012100847"
"363100012101517"
"363100012101517"
"363100012102015"
"363100012102290"
"363100012102951"
"363100012102951"
"363100012103018"
"363100012104012"
"363100012104012"
"363100012104660"
"363100012104660"
"363100012104660"
"363100012106426"
"363100012107096"
"363100012107096"
"363100012109112"
"363100012109112"
"363100012109140"
"363100012109203"
"363100012112752"
"363100012114030"
"363100012114030"
"363100012114233"
"363100012114556"
"363100012115321"
"363100012115499"
"363100012115499"
"363100012115499"
"363100012116078"
"363100012116078"
"363100012116078"
"363100012116536"
"363100012116622"
"363100012116622"
"363100012116622"
"363100012117811"
"363100012118512"
"363100012118695"
"363100012119300"
"363100012119329"
"363100012119348"
"363100012120027"
"363100012120227"
"363100012120227"
"363100012120227"
"363100012121222"
"363100012121222"
"363100012121222"
"363100012121504"
"363100012122095"
"363100012122095"
"363100012123120"
"363100012123199"
"363100012123199"
"363100012124128"
"363100012129157"
"363100012129314"
"363100012129314"
"363100012129314"
"363100012131968"
"363100012132074"
"363100012132255"
"363100012132527"
"363100012132527"
"363100012132600"
"363100012132600"
"363100012132600"
"363100012132754"
"363100012132754"
"363100012133021"
"363100012133021"
"363100012133021"
"363100012134078"
"363100012135262"
"363100012135262"
"363100012136164"
"363100012137112"
"363100012137906"
"363100012138156"
"363100012138156"
"363100012138156"
"363100012139798"
"363100012139798"
"363100012141364"
"363100012141364"
"363100012142281"
"363100012142281"
"363100012142421"
"363100012142759"
"363100012142759"
"363100012142904"
"363100012142981"
"363100012143111"
"363100012143519"
"363100012143661"
"363100012144109"
"363100012145062"
"363100012146339"
"363100012146339"
"363100012148885"
"363100012148885"
"363100012152535"
"363100012152535"
"363100012152535"
"363100012153240"
"363100012153447"
"363100012153447"
"363100012153447"
"363100012153701"
"363100012153818"
"363100012153818"
"363100012153818"
"363100012155097"
"363100012155097"
"363100012155097"
"363100012155496"
"363100012155496"
"363100012155496"
"363100012155568"
"363100012155568"
"363100012155890"
"363100012155890"
"363100012156907"
"363100012156907"
"363100012156907"
"363100012157641"
"363100012157641"
"363100012157641"
"363100012158118"
"363100012158118"
"363100012158118"
"363100012158580"
"363100012158580"
"363100012158666"
"363100012158666"
"363100012158666"
"363100012158887"
"363100012158887"
"363100012159990"
"363100012159990"
"363100012159990"
"363100012160018"
"363100012160018"
"363100012160018"
"363100012160024"
"363100012160024"
"363100012160024"
"363100012160063"
"363100012160063"
"363100012162707"
"363100012162707"
"363100012162707"
"363100012164070"
"363100012164070"
"363100012164070"
"363100012165777"
"363100012165777"
"363100012165777"
"363100012166646"
"363100012166646"
"363100012167338"
"363100012167338"
"363100012167338"
"363100012167386"
"363100012167386"
"363100012167386"
"363100012233519"
"363100012233519"
"363100012233519"
"363100012233532"
"363100012233558"
"363100012233558"
"363100012233558"
"363100012233565"
"363100012233576"
"363100012233596"
"363100012235905"
"363100012235967"
"363100012235967"
"363100012235967"
"363100012236064"
"363100012236064"
"363100012236064"
"363100012236156"
"363100012236156"
"363100012236156"
"363100012236481"
"363100012236481"
"363100012236481"
"363100012236514"
"363100012236514"
"363100012236514"
"363100012236606"
"363100012236606"
"363100012236654"
"363100012236662"
"363100012236721"
"363100012236721"
"363100012236721"
"363100012236932"
"363100012236932"
"363100012236932"
"363100012237175"
"363100012237175"
"363100012237175"
"363100012237193"
"363100012237269"
"363100012237269"
"363100012237269"
"363100012237320"
"363100012237320"
"363100012237320"
"363100012237343"
"363100012237373"
"363100012237373"
"363100012237373"
"363100012237391"
"363100012237391"
"363100012129364"
"363100012129364"
"363100012154170"
"363100012154170"
"363100012154170"
"363100012154365"
"363100012154365"
"363100012157268"
"363100012157268"
"363100012157268"
"363100012159060"
"363100012159060"
"363100012159060"
"363100012164401"
"363100012164401"
"363100012061351"
"363100012062416"
"363100012062416"
"363100012070386"
"363100012070386"
"363100012074454"
"363100012074454"
"363100012074454"
"363100012076142"
"363100012076142"
"363100012076142"
"363100012076914"
"363100012076914"
"363100012081044"
"363100012081044"
"363100012087667"
"363100012087667"
"363100012087667"
"363100012088084"
"363100012088084"
"363100012094855"
"363100012094855"
"363100012094855"
"363100012104298"
"363100012104298"
"363100012104298"
"363100012111958"
"363100012111958"
"363100012111958"
"363100012114104"
"363100012114104"
"363100012114104"
"363100012115455"
"363100012117894"
"363100012117894"
"363100012117894"
"363100012118761"
"363100012118761"
"363100012123146"
"363100012123146"
"363100012123146"
"363100012131094"
"363100012131094"
"363100012135726"
"363100012135726"
"363100012137593"
"363100012139124"
"363100012149052"
"363100012149052"
"363100012149052"
"363100012152397"
"363100012152397"
"363100012153146"
"363100012153146"
"363100012153146"
"363100012153209"
"363100012153209"
"363100012153209"
"363100012153519"
"363100012153519"
"363100012154404"
"363100012155143"
"363100012155512"
"363100012155512"
"363100012155512"
"363100012155773"
"363100012155773"
"363100012155773"
"363100012156036"
"363100012156036"
"363100012156036"
"363100012156037"
"363100012156037"
"363100012156037"
"363100012156108"
"363100012156108"
"363100012156128"
"363100012156128"
"363100012156191"
"363100012156191"
"363100012156243"
"363100012156243"
"363100012156392"
"363100012156392"
"363100012156392"
"363100012156912"
"363100012156912"
"363100012157064"
"363100012157064"
"363100012157064"
"363100012157691"
"363100012158031"
"363100012158031"
"363100012159317"
"363100012159317"
"363100012160370"
"363100012160370"
"363100012160370"
"363100012161010"
"363100012161010"
"363100012161010"
"363100012161083"
"363100012161083"
"363100012161083"
"363100012161312"
"363100012161348"
"363100012161348"
"363100012161700"
"363100012161700"
"363100012161908"
"363100012161908"
"363100012161908"
"363100012163447"
"363100012163447"
"363100012163585"
"363100012163585"
"363100012163585"
"363100012164122"
"363100012164122"
"363100012164122"
"363100012164698"
"363100012164698"
"363100012164698"
"363100012164880"
"363100012164881"
"363100012164881"
"363100012165138"
"363100012165138"
"363100012165184"
"363100012165184"
"363100012165253"
"363100012165588"
"363100012165588"
"363100012165588"
"363100012165824"
"363100012165824"
"363100012165824"
"363100012166022"
"363100012166022"
"363100012166022"
"363100012166872"
"363100012166872"
"363100012166872"
"363100012167139"
"363100012167139"
"363100012167379"
"363100012167379"
"363100012235893"
"363100012235893"
"363100012235893"
"363100012235956"
"363100012235956"
"363100012235956"
"363100012236012"
"363100012236012"
"363100012236139"
"363100012236139"
"363100012236139"
"363100012236369"
"363100012236390"
"363100012236390"
"363100012236390"
"363100012236423"
"363100012236423"
"363100012236493"
"363100012236493"
"363100012236493"
"363100012236499"
"363100012236499"
"363100012236648"
"363100012236648"
"363100012236648"
"363100012236653"
"363100012236653"
"363100012236653"
"363100012236728"
"363100012236728"
"363100012236728"
"363100012237128"
"363100012237128"
"363100012237128"
"363100012237209"
"363100012237209"
"363100012237209"
"363100012237350"
"363100012237350"
"363100012237350"
"363100012244723"
"363100012071184"
"363100012125190"
"363100012152298"
"363100012153195"
"363100012153195"
"363100012153251"
"363100012153251"
"363100012153251"
"363100012154366"
"363100012154366"
"363100012155907"
"363100012156266"
"363100012156266"
"363100012157528"
"363100012157528"
"363100012159885"
"363100012161468"
"363100012164564"
"363100012165920"
"363100012166411"
"363100012166411"
"363100012167063"
"363100012167063"
"363100012167063"
"363100012167257"
"363100012167257"
"363100012167257"
"363100012233602"
"363100012233602"
"363100012233602"
"363100012237306"
"363100012157081"
"363100012157081"
"363100012157081"
"363100012159749"
"363100012159749"
"363100012159749"
"363100012160306"
"363100012160306"
"363100012160306"
"363100012160716"
"363100012160716"
"363100012160716"
"363100012074056"
"363100012074056"
"363100012074056"
"363100012240062"
"363100012240062"
"363100012240062"
"363100012091838"
"363100012091838"
"363100012091838"
"363100012102635"
"363100012142901"
"363100012142901"
"363100012142901"
"363100012065344"
"363100012065344"
"363100012065344"
"363100012070306"
"363100012075036"
"363100012075036"
"363100012075036"
"363100012084650"
"363100012084650"
"363100012076454"
"363100012076454"
"363100012240063"
"363100012240063"
"363100012240063"
"363100012240064"
"363100012240064"
"363100012240064"
"363100012240065"
"363100012240065"
"363100012240065"
"363100012240066"
"363100012240066"
"363100012240066"
"363100012065801"
"363100012065801"
"363100012092384"
"363100012092384"
"363100012092384"
"363100012146482"
"363100012146482"
"363100012243783"
"363100012242872"
"363100012242872"
"363100012242872"
"363100012166824"
"363100012166824"
"363100012067135"
"363100012067135"
"363100012067135"
"363100012239501"
"363100012239501"
"363100012239502"
"363100012239502"
"363100012239502"
"363100012078273"
"363100012078273"
"363100012078273"
"363100012115263"
"363100012125520"
"363100012125520"
"363100012125520"
"363100012067741"
"363100012067741"
"363100012067741"
"363100012080966"
"363100012080966"
"363100012080966"
"363100012099566"
"363100012099566"
"363100012118978"
"363100012121247"
"363100012157108"
"363100012157108"
"363100012157108"
"363100012237796"
"363100012242079"
"363100012242079"
"363100012242079"
"363100012072210"
"363100012072210"
"363100012072210"
"363100012240148"
"363100012240148"
"363100012240148"
"363100012101729"
"363100012101729"
"363100012101729"
"363100012109184"
"363100012109184"
"363100012109184"
"363100012114135"
"363100012114135"
"363100012114135"
"363100012118868"
"363100012118868"
"363100012118868"
"363100012239118"
"363100012239118"
"363100012239118"
"363100012240477"
"363100012240477"
"363100012061407"
"363100012061407"
"363100012061407"
"363100012062335"
"363100012062335"
"363100012062335"
"363100012064828"
"363100012064828"
"363100012064828"
"363100012065399"
"363100012065399"
"363100012065399"
"363100012079218"
"363100012079218"
"363100012079218"
"363100012081437"
"363100012081437"
"363100012081437"
"363100012091819"
"363100012091819"
"363100012112758"
"363100012112758"
"363100012112758"
"363100012114072"
"363100012114072"
"363100012114072"
"363100012237767"
"363100012237767"
"363100012237767"
"363100012237768"
"363100012237768"
"363100012237768"
"363100012237770"
"363100012237770"
"363100012237770"
"363100012066609"
"363100012068898"
"363100012072757"
"363100012072757"
"363100012072757"
"363100012081662"
"363100012081662"
"363100012081662"
"363100012095860"
"363100012095860"
"363100012152300"
"363100012152384"
"363100012152384"
"363100012152384"
"363100012153368"
"363100012153368"
"363100012153500"
"363100012153532"
"363100012153532"
"363100012153532"
"363100012153682"
"363100012155579"
"363100012155590"
"363100012155739"
"363100012155739"
"363100012155833"
"363100012155833"
"363100012155833"
"363100012155887"
"363100012155887"
"363100012156231"
"363100012156300"
"363100012156495"
"363100012156495"
"363100012156495"
"363100012156886"
"363100012156886"
"363100012156925"
"363100012156925"
"363100012156925"
"363100012157058"
"363100012157459"
"363100012157459"
"363100012157459"
"363100012157899"
"363100012157899"
"363100012157899"
"363100012158041"
"363100012158075"
"363100012158075"
"363100012158082"
"363100012158082"
"363100012158193"
"363100012158382"
"363100012158382"
"363100012158382"
"363100012158491"
"363100012159166"
"363100012159166"
"363100012159166"
"363100012159264"
"363100012159264"
"363100012159264"
"363100012159306"
"363100012159306"
"363100012159422"
"363100012159734"
"363100012159777"
"363100012159982"
"363100012159982"
"363100012160001"
"363100012160001"
"363100012160001"
"363100012160098"
"363100012160098"
"363100012160098"
"363100012160158"
"363100012160158"
"363100012160158"
"363100012160241"
"363100012160241"
"363100012160241"
"363100012160339"
"363100012160339"
"363100012160373"
"363100012160373"
"363100012160929"
"363100012160929"
"363100012160929"
"363100012161327"
"363100012161327"
"363100012161519"
"363100012161519"
"363100012161519"
"363100012161634"
"363100012161634"
"363100012161634"
"363100012161691"
"363100012162008"
"363100012162163"
"363100012162163"
"363100012162167"
"363100012162167"
"363100012162167"
"363100012162868"
"363100012162868"
"363100012162868"
"363100012162975"
"363100012163054"
"363100012163054"
"363100012163054"
"363100012163131"
"363100012163368"
"363100012163368"
"363100012163368"
"363100012163381"
"363100012163759"
"363100012163759"
"363100012163759"
"363100012163785"
"363100012163785"
"363100012163785"
"363100012164189"
"363100012164189"
"363100012164189"
"363100012164221"
"363100012164287"
"363100012164311"
"363100012164311"
"363100012164503"
"363100012164503"
"363100012164503"
"363100012164572"
"363100012164572"
"363100012164572"
"363100012164578"
"363100012164578"
"363100012164714"
"363100012164714"
"363100012164778"
"363100012164778"
"363100012164778"
"363100012165516"
"363100012165516"
"363100012165518"
"363100012165597"
"363100012165773"
"363100012165773"
"363100012165773"
"363100012166117"
"363100012166639"
"363100012166639"
"363100012166639"
"363100012166641"
"363100012166641"
"363100012166641"
"363100012166745"
"363100012167011"
"363100012167011"
"363100012167396"
"363100012167432"
"363100012167432"
"363100012167432"
"363100012236168"
"363100012236168"
"363100012236168"
"363100012236228"
"363100012236228"
"363100012236228"
"363100012236403"
"363100012236403"
"363100012236504"
"363100012236504"
"363100012236504"
"363100012236517"
"363100012236517"
"363100012236517"
"363100012236895"
"363100012236895"
"363100012236895"
"363100012066801"
"363100012066801"
"363100012066801"
"363100012152306"
"363100012152306"
"363100012152306"
"363100012152311"
"363100012152311"
"363100012152311"
"363100012152374"
"363100012152374"
"363100012152961"
"363100012152961"
"363100012152961"
"363100012153495"
"363100012153495"
"363100012153495"
"363100012154175"
"363100012154175"
"363100012155571"
"363100012156323"
"363100012156323"
"363100012156323"
"363100012157233"
"363100012157233"
"363100012157233"
"363100012157306"
"363100012157306"
"363100012157306"
"363100012157684"
"363100012157684"
"363100012157684"
"363100012159163"
"363100012159320"
"363100012159320"
"363100012160111"
"363100012160111"
"363100012160595"
"363100012160595"
"363100012160595"
"363100012160918"
"363100012161918"
"363100012161918"
"363100012161918"
"363100012162178"
"363100012162178"
"363100012162557"
"363100012162557"
"363100012163111"
"363100012163111"
"363100012163111"
"363100012163780"
"363100012163780"
"363100012163969"
"363100012163969"
"363100012163969"
"363100012164295"
"363100012164295"
"363100012164295"
"363100012164465"
"363100012164465"
"363100012164465"
"363100012164467"
"363100012164595"
"363100012164598"
"363100012164598"
"363100012165794"
"363100012166095"
"363100012166095"
"363100012166095"
"363100012166301"
"363100012166301"
"363100012166301"
"363100012166386"
"363100012166386"
"363100012166386"
"363100012166387"
"363100012166387"
"363100012166387"
"363100012166788"
"363100012166788"
"363100012166788"
"363100012167221"
"363100012167221"
"363100012167221"
"363100012167262"
"363100012233516"
"363100012233516"
"363100012233516"
"363100012235973"
"363100012235973"
"363100012236309"
"363100012236309"
"363100012066304"
"363100012066304"
"363100012066304"
"363100012071654"
"363100012071654"
"363100012071654"
"363100012073608"
"363100012073608"
"363100012081352"
"363100012081352"
"363100012081352"
"363100012088983"
"363100012102815"
"363100012102815"
"363100012102815"
"363100012104030"
"363100012104030"
"363100012104030"
"363100012114270"
"363100012114270"
"363100012114270"
"363100012114545"
"363100012114545"
"363100012114545"
"363100012126576"
"363100012126576"
"363100012126576"
"363100012146453"
"363100012146453"
"363100012152577"
"363100012152577"
"363100012152595"
"363100012152595"
"363100012152880"
"363100012152899"
"363100012152899"
"363100012152899"
"363100012152906"
"363100012152976"
"363100012152976"
"363100012152976"
"363100012153112"
"363100012153112"
"363100012153163"
"363100012153163"
"363100012153163"
"363100012153237"
"363100012153237"
"363100012153237"
"363100012153289"
"363100012153289"
"363100012153289"
"363100012153423"
"363100012153423"
"363100012153423"
"363100012153456"
"363100012153456"
"363100012153456"
"363100012153665"
"363100012153804"
"363100012154257"
"363100012155437"
"363100012155465"
"363100012155465"
"363100012155465"
"363100012155466"
"363100012155466"
"363100012155466"
"363100012156183"
"363100012156183"
"363100012156183"
"363100012156476"
"363100012156476"
"363100012156508"
"363100012156508"
"363100012156530"
"363100012156530"
"363100012156530"
"363100012156688"
"363100012156688"
"363100012156761"
"363100012156761"
"363100012156761"
"363100012156803"
"363100012156809"
"363100012156809"
"363100012156815"
"363100012156815"
"363100012156815"
"363100012157032"
"363100012157040"
"363100012157040"
"363100012157040"
"363100012157070"
"363100012157225"
"363100012157225"
"363100012157225"
"363100012157239"
"363100012157239"
"363100012157239"
"363100012157370"
"363100012157370"
"363100012157370"
"363100012157544"
"363100012157643"
"363100012157643"
"363100012157643"
"363100012157644"
"363100012157644"
"363100012157827"
"363100012157827"
"363100012158219"
"363100012158219"
"363100012158556"
"363100012158556"
"363100012158665"
"363100012158665"
"363100012158665"
"363100012158672"
"363100012158672"
"363100012158672"
"363100012158792"
"363100012159019"
"363100012159019"
"363100012159019"
"363100012159026"
"363100012159078"
"363100012159078"
"363100012159078"
"363100012159095"
"363100012159095"
"363100012159239"
"363100012159239"
"363100012159239"
"363100012159503"
"363100012159503"
"363100012159508"
"363100012159508"
"363100012159663"
"363100012159684"
"363100012159684"
"363100012159684"
"363100012159811"
"363100012159811"
"363100012159811"
"363100012159815"
"363100012159815"
"363100012159815"
"363100012160084"
"363100012160175"
"363100012160175"
"363100012160175"
"363100012160294"
"363100012160294"
"363100012160384"
"363100012160447"
"363100012160447"
"363100012160447"
"363100012160594"
"363100012160623"
"363100012160623"
"363100012160623"
"363100012160753"
"363100012160753"
"363100012160846"
"363100012160846"
"363100012160850"
"363100012160850"
"363100012160850"
"363100012161055"
"363100012161055"
"363100012161173"
"363100012161173"
"363100012161173"
"363100012161186"
"363100012161186"
"363100012161221"
"363100012161221"
"363100012161301"
"363100012161301"
"363100012161301"
"363100012161725"
"363100012161725"
"363100012161759"
"363100012161759"
"363100012161820"
"363100012161820"
"363100012161820"
"363100012161936"
"363100012162165"
"363100012162165"
"363100012162165"
"363100012162179"
"363100012162179"
"363100012162249"
"363100012162249"
"363100012162249"
"363100012162565"
"363100012162565"
"363100012162565"
"363100012162656"
"363100012162656"
"363100012162656"
"363100012162706"
"363100012162706"
"363100012162706"
"363100012162738"
"363100012162738"
"363100012162908"
"363100012162908"
"363100012163012"
"363100012163012"
"363100012163108"
"363100012163108"
"363100012163108"
"363100012163306"
"363100012163306"
"363100012163342"
"363100012163342"
"363100012163589"
"363100012163589"
"363100012163589"
"363100012163605"
"363100012163605"
"363100012163605"
"363100012163606"
"363100012163606"
"363100012163606"
"363100012163615"
"363100012163615"
"363100012163615"
"363100012163662"
"363100012163662"
"363100012163662"
"363100012163795"
"363100012163795"
"363100012163795"
"363100012163826"
"363100012163826"
"363100012163826"
"363100012164185"
"363100012164240"
"363100012164240"
"363100012164337"
"363100012164337"
"363100012164370"
"363100012164370"
"363100012164370"
"363100012164490"
"363100012164490"
"363100012164490"
"363100012164636"
"363100012164636"
"363100012164790"
"363100012164790"
"363100012164865"
"363100012164865"
"363100012164912"
"363100012164912"
"363100012164912"
"363100012165335"
"363100012165335"
"363100012165477"
"363100012165477"
"363100012165477"
"363100012165787"
"363100012166149"
"363100012166149"
"363100012166149"
"363100012166156"
"363100012166156"
"363100012166192"
"363100012166192"
"363100012166192"
"363100012166262"
"363100012166262"
"363100012166334"
"363100012166334"
"363100012166334"
"363100012166342"
"363100012166342"
"363100012166429"
"363100012166429"
"363100012166429"
"363100012166703"
"363100012166737"
"363100012166773"
"363100012166773"
"363100012167101"
"363100012167196"
"363100012167196"
"363100012167264"
"363100012167264"
"363100012167356"
"363100012167356"
"363100012167356"
"363100012200618"
"363100012200618"
"363100012200618"
"363100012206910"
"363100012206910"
"363100012236124"
"363100012236124"
"363100012236124"
"363100012236157"
"363100012236195"
"363100012236195"
"363100012236224"
"363100012236224"
"363100012236224"
"363100012236261"
"363100012236261"
"363100012236261"
"363100012237098"
"363100012237098"
"363100012237098"
"363100012237176"
"363100012237176"
"363100012237176"
"363100012079460"
"363100012079460"
"363100012085835"
"363100012085835"
"363100012085835"
"363100012152890"
"363100012152942"
"363100012152942"
"363100012152988"
"363100012154330"
"363100012154330"
"363100012154330"
"363100012154398"
"363100012154398"
"363100012154398"
"363100012155313"
"363100012155313"
"363100012155583"
"363100012155583"
"363100012155583"
"363100012155723"
"363100012155723"
"363100012155723"
"363100012156375"
"363100012156415"
"363100012156415"
"363100012156470"
"363100012156594"
"363100012156594"
"363100012156753"
"363100012157079"
"363100012157429"
"363100012157429"
"363100012157429"
"363100012157451"
"363100012157524"
"363100012157524"
"363100012157914"
"363100012157914"
"363100012157914"
"363100012158099"
"363100012158099"
"363100012158099"
"363100012159801"
"363100012159836"
"363100012160405"
"363100012160405"
"363100012160419"
"363100012160419"
"363100012160487"
"363100012161229"
"363100012161229"
"363100012162051"
"363100012162051"
"363100012162788"
"363100012162788"
"363100012162883"
"363100012162883"
"363100012163055"
"363100012163055"
"363100012163197"
"363100012163449"
"363100012163449"
"363100012163449"
"363100012163738"
"363100012163964"
"363100012163964"
"363100012164758"
"363100012164911"
"363100012164911"
"363100012164911"
"363100012166275"
"363100012166707"
"363100012166707"
"363100012167326"
"363100012167341"
"363100012183969"
"363100012183969"
"363100012183969"
"363100012233409"
"363100012233409"
"363100012236192"
"363100012236192"
"363100012236192"
"363100012236353"
"363100012236353"
"363100012236353"
"363100012236380"
"363100012236380"
"363100012236380"
"363100012063324"
"363100012065675"
"363100012065675"
"363100012065675"
"363100012067572"
"363100012067572"
"363100012068756"
"363100012071316"
"363100012071316"
"363100012072042"
"363100012072203"
"363100012073888"
"363100012073888"
"363100012075577"
"363100012075577"
"363100012075577"
"363100012077847"
"363100012077847"
"363100012077847"
"363100012079681"
"363100012080667"
"363100012081100"
"363100012081100"
"363100012081100"
"363100012081334"
"363100012081378"
"363100012086211"
"363100012086211"
"363100012086211"
"363100012087887"
"363100012087887"
"363100012088350"
"363100012089038"
"363100012089038"
"363100012089038"
"363100012092012"
"363100012092012"
"363100012092012"
"363100012092941"
"363100012092941"
"363100012092950"
"363100012093540"
"363100012093966"
"363100012094118"
"363100012094733"
"363100012096387"
"363100012096387"
"363100012100197"
"363100012100197"
"363100012100197"
"363100012102011"
"363100012102011"
"363100012102011"
"363100012103019"
"363100012103019"
"363100012103567"
"363100012104688"
"363100012104817"
"363100012106078"
"363100012106078"
"363100012107271"
"363100012109002"
"363100012109261"
"363100012110999"
"363100012111222"
"363100012114267"
"363100012123053"
"363100012128974"
"363100012134354"
"363100012134354"
"363100012136996"
"363100012137845"
"363100012139182"
"363100012139182"
"363100012141943"
"363100012144657"
"363100012144657"
"363100012146557"
"363100012154686"
"363100012154686"
"363100012154686"
"363100012154889"
"363100012154889"
"363100012154889"
"363100012233636"
"363100012233636"
"363100012237005"
"363100012237005"
"363100012237005"
"363100012097582"
"363100012097582"
"363100012110128"
"363100012110128"
"363100012121850"
"363100012121850"
"363100012152666"
"363100012153176"
"363100012153176"
"363100012153534"
"363100012153534"
"363100012153534"
"363100012153581"
"363100012153581"
"363100012153772"
"363100012153772"
"363100012155318"
"363100012155318"
"363100012155332"
"363100012155332"
"363100012156477"
"363100012156477"
"363100012156658"
"363100012156712"
"363100012156712"
"363100012156712"
"363100012156774"
"363100012156774"
"363100012156774"
"363100012156780"
"363100012157850"
"363100012157850"
"363100012158962"
"363100012158962"
"363100012158962"
"363100012159402"
"363100012159402"
"363100012160643"
"363100012160643"
"363100012160667"
"363100012160667"
"363100012160872"
"363100012161193"
"363100012161193"
"363100012162915"
"363100012162915"
"363100012162915"
"363100012163030"
"363100012163030"
"363100012163030"
"363100012163864"
"363100012163864"
"363100012163864"
"363100012163999"
"363100012164584"
"363100012164606"
"363100012164606"
"363100012164606"
"363100012164736"
"363100012164736"
"363100012165391"
"363100012166222"
"363100012166222"
"363100012166222"
"363100012166487"
"363100012166487"
"363100012166487"
"363100012166643"
"363100012166643"
"363100012166719"
"363100012237188"
"363100012237188"
"363100012237188"
"363100012240345"
"363100012240345"
"363100012240345"
"363100012141080"
"363100012141080"
"363100012141080"
"363100012062412"
"363100012063994"
"363100012064787"
"363100012065305"
"363100012066135"
"363100012068142"
"363100012068142"
"363100012069080"
"363100012069080"
"363100012069080"
"363100012070962"
"363100012072090"
"363100012072090"
"363100012072090"
"363100012072796"
"363100012074787"
"363100012075635"
"363100012076932"
"363100012076932"
"363100012077088"
"363100012077297"
"363100012077297"
"363100012079928"
"363100012079928"
"363100012083798"
"363100012083798"
"363100012083798"
"363100012084588"
"363100012084912"
"363100012086247"
"363100012086651"
"363100012086839"
"363100012086839"
"363100012087088"
"363100012087484"
"363100012087484"
"363100012087484"
"363100012087546"
"363100012087546"
"363100012088901"
"363100012090302"
"363100012091073"
"363100012091196"
"363100012091196"
"363100012091741"
"363100012091741"
"363100012094976"
"363100012094976"
"363100012094976"
"363100012096424"
"363100012096424"
"363100012096425"
"363100012096425"
"363100012097289"
"363100012097289"
"363100012099600"
"363100012099600"
"363100012103766"
"363100012103766"
"363100012103766"
"363100012104109"
"363100012104711"
"363100012105755"
"363100012107260"
"363100012107260"
"363100012110849"
"363100012110849"
"363100012110904"
"363100012110904"
"363100012111027"
"363100012111315"
"363100012111315"
"363100012112032"
"363100012112539"
"363100012112539"
"363100012112539"
"363100012113818"
"363100012114378"
"363100012114378"
"363100012115170"
"363100012115170"
"363100012115902"
"363100012115902"
"363100012115968"
"363100012115968"
"363100012116989"
"363100012116989"
"363100012119207"
"363100012119207"
"363100012119207"
"363100012119484"
"363100012119484"
"363100012119484"
"363100012123893"
"363100012125256"
"363100012125424"
"363100012126205"
"363100012127305"
"363100012127305"
"363100012127305"
"363100012127517"
"363100012130389"
"363100012130497"
"363100012130497"
"363100012130690"
"363100012130690"
"363100012130690"
"363100012130802"
"363100012130802"
"363100012130802"
"363100012131814"
"363100012133283"
"363100012133283"
"363100012134904"
"363100012134904"
"363100012135001"
"363100012138410"
"363100012138410"
"363100012138920"
"363100012139349"
"363100012139438"
"363100012139438"
"363100012143965"
"363100012144030"
"363100012146050"
"363100012146088"
"363100012151815"
"363100012151815"
"363100012151815"
"363100012152255"
"363100012152255"
"363100012152255"
"363100012155316"
"363100012155316"
"363100012155316"
"363100012155364"
"363100012155364"
"363100012155364"
"363100012156210"
"363100012156987"
"363100012157743"
"363100012157743"
"363100012157743"
"363100012158448"
"363100012158448"
"363100012158448"
"363100012158751"
"363100012158785"
"363100012159210"
"363100012159210"
"363100012160935"
"363100012160994"
"363100012160994"
"363100012161205"
"363100012161205"
"363100012161205"
"363100012161366"
"363100012161366"
"363100012161366"
"363100012161380"
"363100012161380"
"363100012161380"
"363100012161479"
"363100012162037"
"363100012162037"
"363100012162394"
"363100012162394"
"363100012162394"
"363100012162909"
"363100012162909"
"363100012163579"
"363100012163579"
"363100012165665"
"363100012165665"
"363100012166970"
"363100012166970"
"363100012166970"
"363100012233574"
"363100012236291"
"363100012236291"
"363100012236890"
"363100012236890"
"363100012237060"
"363100012237079"
"363100012237079"
"363100012239636"
"363100012239636"
"363100012239636"
"363100012076258"
"363100012076258"
"363100012096256"
"363100012096256"
"363100012096256"
"363100012096331"
"363100012109025"
"363100012109025"
"363100012109025"
"363100012130876"
"363100012130876"
"363100012130876"
"363100012138144"
"363100012138144"
"363100012138144"
"363100012140787"
"363100012152288"
"363100012152288"
"363100012152407"
"363100012152407"
"363100012152407"
"363100012152409"
"363100012152409"
"363100012152409"
"363100012152708"
"363100012152708"
"363100012152708"
"363100012152908"
"363100012152908"
"363100012152908"
"363100012152940"
"363100012152940"
"363100012153103"
"363100012153103"
"363100012153323"
"363100012153323"
"363100012153323"
"363100012153643"
"363100012153643"
"363100012153724"
"363100012153797"
"363100012153797"
"363100012153833"
"363100012153833"
"363100012154213"
"363100012154213"
"363100012155331"
"363100012155331"
"363100012155331"
"363100012155713"
"363100012155713"
"363100012155862"
"363100012155922"
"363100012155929"
"363100012155929"
"363100012156052"
"363100012156052"
"363100012156133"
"363100012156133"
"363100012156133"
"363100012156205"
"363100012156205"
"363100012156205"
"363100012156245"
"363100012156245"
"363100012156245"
"363100012156259"
"363100012157009"
"363100012157258"
"363100012157258"
"363100012157258"
"363100012157352"
"363100012157352"
"363100012157352"
"363100012157662"
"363100012157662"
"363100012157662"
"363100012157941"
"363100012157941"
"363100012157941"
"363100012158040"
"363100012158040"
"363100012158040"
"363100012158354"
"363100012158354"
"363100012158354"
"363100012158356"
"363100012158356"
"363100012158356"
"363100012158722"
"363100012158722"
"363100012158722"
"363100012158767"
"363100012158809"
"363100012158809"
"363100012159041"
"363100012159208"
"363100012159208"
"363100012159296"
"363100012159296"
"363100012159298"
"363100012159298"
"363100012159298"
"363100012159498"
"363100012159498"
"363100012159528"
"363100012159588"
"363100012159883"
"363100012159935"
"363100012159935"
"363100012160060"
"363100012160279"
"363100012160279"
"363100012160279"
"363100012160364"
"363100012160364"
"363100012160364"
"363100012160395"
"363100012160666"
"363100012160666"
"363100012160824"
"363100012160824"
"363100012160938"
"363100012160938"
"363100012160938"
"363100012160949"
"363100012160949"
"363100012160972"
"363100012160972"
"363100012161021"
"363100012161389"
"363100012161389"
"363100012161506"
"363100012161758"
"363100012161758"
"363100012161767"
"363100012161767"
"363100012161767"
"363100012161869"
"363100012161869"
"363100012161869"
"363100012162166"
"363100012162177"
"363100012162447"
"363100012162455"
"363100012162515"
"363100012162556"
"363100012162556"
"363100012162556"
"363100012162591"
"363100012162591"
"363100012162591"
"363100012162626"
"363100012162626"
"363100012162726"
"363100012162726"
"363100012162726"
"363100012162964"
"363100012162989"
"363100012162989"
"363100012162989"
"363100012163003"
"363100012163133"
"363100012163133"
"363100012163133"
"363100012163320"
"363100012163320"
"363100012163320"
"363100012163399"
"363100012163399"
"363100012163399"
"363100012163643"
"363100012163643"
"363100012163643"
"363100012163682"
"363100012164152"
"363100012164152"
"363100012164816"
"363100012164816"
"363100012165519"
"363100012165519"
"363100012165519"
"363100012165538"
"363100012165567"
"363100012165567"
"363100012165567"
"363100012165866"
"363100012165866"
"363100012165866"
"363100012165901"
"363100012165901"
"363100012165901"
"363100012165976"
"363100012165976"
"363100012165976"
"363100012166085"
"363100012166085"
"363100012166085"
"363100012166092"
"363100012166107"
"363100012166107"
"363100012166107"
"363100012166198"
"363100012166198"
"363100012166198"
"363100012166258"
"363100012166258"
"363100012166258"
"363100012166457"
"363100012166457"
"363100012166457"
"363100012166653"
"363100012166706"
"363100012166932"
"363100012235914"
"363100012235914"
"363100012235961"
"363100012236040"
"363100012236040"
"363100012236067"
"363100012236067"
"363100012236208"
"363100012236208"
"363100012236241"
"363100012236241"
"363100012236320"
"363100012236320"
"363100012236411"
"363100012236691"
"363100012236900"
"363100012237120"
"363100012065951"
"363100012065951"
"363100012066223"
"363100012067275"
"363100012067275"
"363100012067275"
"363100012067282"
"363100012067282"
"363100012067282"
"363100012067283"
"363100012067283"
"363100012076631"
"363100012081547"
"363100012083567"
"363100012083567"
"363100012083567"
"363100012083616"
"363100012083616"
"363100012083616"
"363100012087302"
"363100012087302"
"363100012087302"
"363100012093557"
"363100012099970"
"363100012099970"
"363100012100637"
"363100012108077"
"363100012111232"
"363100012111232"
"363100012112910"
"363100012112910"
"363100012113262"
"363100012113262"
"363100012115218"
"363100012115218"
"363100012120376"
"363100012120376"
"363100012123759"
"363100012123759"
"363100012123759"
"363100012125728"
"363100012133731"
"363100012135787"
"363100012136033"
"363100012136461"
"363100012136461"
"363100012136461"
"363100012138654"
"363100012138654"
"363100012139014"
"363100012139014"
"363100012141805"
"363100012141805"
"363100012141805"
"363100012142809"
"363100012142809"
"363100012142809"
"363100012143368"
"363100012143368"
"363100012143368"
"363100012148874"
"363100012149365"
"363100012151977"
"363100012151977"
"363100012151977"
"363100012152341"
"363100012152341"
"363100012152341"
"363100012152623"
"363100012152623"
"363100012152623"
"363100012153649"
"363100012153735"
"363100012153735"
"363100012153735"
"363100012155638"
"363100012155638"
"363100012155638"
"363100012156251"
"363100012156251"
"363100012156251"
"363100012157050"
"363100012157348"
"363100012157348"
"363100012158568"
"363100012158568"
"363100012158790"
"363100012158790"
"363100012158790"
"363100012159074"
"363100012159074"
"363100012159864"
"363100012159864"
"363100012160129"
"363100012160129"
"363100012160931"
"363100012160931"
"363100012160983"
"363100012161094"
"363100012161094"
"363100012161094"
"363100012161279"
"363100012161279"
"363100012161279"
"363100012161478"
"363100012161478"
"363100012162996"
"363100012163393"
"363100012163393"
"363100012164854"
"363100012164854"
"363100012164854"
"363100012165172"
"363100012165172"
"363100012166779"
"363100012166779"
"363100012233508"
"363100012233612"
"363100012233626"
"363100012235972"
"363100012237006"
"363100012237006"
"363100012237006"
"363100012237395"
"363100012091324"
"363100012091324"
"363100012091324"
"363100012102807"
"363100012120195"
"363100012120195"
"363100012120195"
"363100012142532"
"363100012152515"
"363100012152975"
"363100012152975"
"363100012152975"
"363100012160353"
"363100012161288"
"363100012161288"
"363100012161939"
"363100012164380"
"363100012164380"
"363100012164380"
"363100012164871"
"363100012164871"
"363100012164871"
"363100012167247"
"363100012167247"
"363100012063882"
"363100012064241"
"363100012067300"
"363100012067300"
"363100012067428"
"363100012067428"
"363100012070288"
"363100012070288"
"363100012074118"
"363100012087360"
"363100012087360"
"363100012087360"
"363100012090510"
"363100012092761"
"363100012092761"
"363100012093415"
"363100012093415"
"363100012095804"
"363100012095804"
"363100012104642"
"363100012110504"
"363100012110504"
"363100012132728"
"363100012132728"
"363100012132728"
"363100012134158"
"363100012134158"
"363100012146838"
"363100012152742"
"363100012152855"
"363100012153192"
"363100012153298"
"363100012153442"
"363100012153442"
"363100012153457"
"363100012153564"
"363100012153564"
"363100012153579"
"363100012153579"
"363100012153579"
"363100012153597"
"363100012153597"
"363100012153691"
"363100012153691"
"363100012153700"
"363100012155121"
"363100012155434"
"363100012155434"
"363100012155676"
"363100012155676"
"363100012155725"
"363100012156084"
"363100012156084"
"363100012156341"
"363100012156341"
"363100012156341"
"363100012156417"
"363100012156553"
"363100012156611"
"363100012156611"
"363100012157292"
"363100012157292"
"363100012157292"
"363100012158373"
"363100012158582"
"363100012158582"
"363100012158582"
"363100012159091"
"363100012159091"
"363100012159214"
"363100012159413"
"363100012159574"
"363100012159574"
"363100012159574"
"363100012159809"
"363100012160164"
"363100012160164"
"363100012160164"
"363100012160739"
"363100012160739"
"363100012160932"
"363100012161631"
"363100012161737"
"363100012162027"
"363100012162027"
"363100012163641"
"363100012163641"
"363100012163641"
"363100012163934"
"363100012163934"
"363100012164315"
"363100012164320"
"363100012164320"
"363100012164320"
"363100012164352"
"363100012164447"
"363100012164447"
"363100012164447"
"363100012164771"
"363100012165156"
"363100012165156"
"363100012165156"
"363100012165581"
"363100012165944"
"363100012167135"
"363100012167135"
"363100012167335"
"363100012167335"
"363100012236444"
"363100012236604"
"363100012236632"
"363100012237302"
"363100012237302"
"363100012071578"
"363100012071578"
"363100012073336"
"363100012074387"
"363100012074387"
"363100012074387"
"363100012082270"
"363100012082270"
"363100012082270"
"363100012084240"
"363100012084240"
"363100012084240"
"363100012091167"
"363100012091167"
"363100012096035"
"363100012096035"
"363100012098693"
"363100012098693"
"363100012098693"
"363100012100595"
"363100012100595"
"363100012100595"
"363100012105572"
"363100012110470"
"363100012111896"
"363100012111896"
"363100012111896"
"363100012113419"
"363100012113419"
"363100012114346"
"363100012116968"
"363100012116968"
"363100012123499"
"363100012123499"
"363100012123842"
"363100012141823"
"363100012141823"
"363100012148405"
"363100012148405"
"363100012153272"
"363100012153272"
"363100012155883"
"363100012155883"
"363100012155883"
"363100012155989"
"363100012156293"
"363100012156782"
"363100012156782"
"363100012157094"
"363100012157094"
"363100012157402"
"363100012157402"
"363100012157402"
"363100012157477"
"363100012157477"
"363100012157833"
"363100012157833"
"363100012157833"
"363100012157893"
"363100012158183"
"363100012158183"
"363100012158472"
"363100012158495"
"363100012158495"
"363100012158495"
"363100012158892"
"363100012158892"
"363100012158892"
"363100012158937"
"363100012159555"
"363100012159639"
"363100012159639"
"363100012159797"
"363100012160482"
"363100012160482"
"363100012160550"
"363100012160550"
"363100012161132"
"363100012161524"
"363100012161524"
"363100012161524"
"363100012162245"
"363100012162756"
"363100012162855"
"363100012162855"
"363100012163023"
"363100012163194"
"363100012163323"
"363100012163323"
"363100012163970"
"363100012164126"
"363100012164126"
"363100012164232"
"363100012164232"
"363100012164471"
"363100012164471"
"363100012165140"
"363100012165456"
"363100012165456"
"363100012165979"
"363100012165979"
"363100012165979"
"363100012166681"
"363100012167351"
"363100012167351"
"363100012236364"
"363100012236364"
"363100012236364"
"363100012237344"
"363100012237344"
"363100012237344"
"363100012074497"
"363100012083651"
"363100012095997"
"363100012095997"
"363100012098109"
"363100012098109"
"363100012098109"
"363100012118289"
"363100012118289"
"363100012124954"
"363100012145392"
"363100012150987"
"363100012150987"
"363100012150987"
"363100012152358"
"363100012159886"
"363100012163166"
"363100012163166"
"363100012164200"
"363100012164200"
"363100012164200"
"363100012165916"
"363100012165916"
"363100012165916"
"363100012166663"
"363100012166663"
"363100012166903"
"363100012118498"
"363100012118498"
"363100012118498"
"363100012140061"
"363100012140061"
"363100012140061"
"363100012065226"
"363100012065226"
"363100012092604"
"363100012092604"
"363100012093532"
"363100012093532"
"363100012093532"
"363100012108120"
"363100012108120"
"363100012108120"
"363100012109375"
"363100012109375"
"363100012109375"
"363100012110973"
"363100012112777"
"363100012112777"
"363100012117492"
"363100012142223"
"363100012142223"
"363100012081882"
"363100012081882"
"363100012081882"
"363100012112869"
"363100012112869"
"363100012112869"
"363100012150775"
"363100012150775"
"363100012150775"
"363100012241375"
"363100012241500"
"363100012241500"
"363100012241500"
"363100012063505"
"363100012064686"
"363100012064799"
"363100012064799"
"363100012064799"
"363100012067223"
"363100012075399"
"363100012075399"
"363100012078936"
"363100012078936"
"363100012079614"
"363100012079614"
"363100012079614"
"363100012083461"
"363100012083461"
"363100012083528"
"363100012083528"
"363100012083528"
"363100012084114"
"363100012084114"
"363100012084336"
"363100012084336"
"363100012084336"
"363100012084666"
"363100012084666"
"363100012084666"
"363100012088234"
"363100012088234"
"363100012090102"
"363100012090102"
"363100012090102"
"363100012090902"
"363100012090902"
"363100012091930"
"363100012091930"
"363100012092532"
"363100012092532"
"363100012092532"
"363100012093163"
"363100012093163"
"363100012093163"
"363100012094518"
"363100012094518"
"363100012095110"
"363100012097902"
"363100012097902"
"363100012097902"
"363100012098315"
"363100012098315"
"363100012098315"
"363100012098411"
"363100012098411"
"363100012098411"
"363100012101460"
"363100012101460"
"363100012101460"
"363100012101569"
"363100012106512"
"363100012106512"
"363100012112665"
"363100012112665"
"363100012112665"
"363100012113169"
"363100012114055"
"363100012114055"
"363100012115822"
"363100012115822"
"363100012119020"
"363100012119020"
"363100012119020"
"363100012120159"
"363100012120159"
"363100012123253"
"363100012123253"
"363100012127076"
"363100012127076"
"363100012127076"
"363100012128359"
"363100012130223"
"363100012130223"
"363100012131294"
"363100012132067"
"363100012135498"
"363100012135498"
"363100012137641"
"363100012137641"
"363100012137641"
"363100012137737"
"363100012137737"
"363100012150384"
"363100012150546"
"363100012150546"
"363100012152760"
"363100012152781"
"363100012152781"
"363100012153640"
"363100012153640"
"363100012153640"
"363100012153789"
"363100012154180"
"363100012155532"
"363100012155605"
"363100012155620"
"363100012155684"
"363100012155684"
"363100012155684"
"363100012155764"
"363100012155764"
"363100012155764"
"363100012155770"
"363100012155770"
"363100012155770"
"363100012156111"
"363100012156111"
"363100012156726"
"363100012156726"
"363100012157037"
"363100012157037"
"363100012157783"
"363100012157783"
"363100012157783"
"363100012157939"
"363100012157939"
"363100012158038"
"363100012158158"
"363100012158158"
"363100012158158"
"363100012158203"
"363100012158203"
"363100012158203"
"363100012158228"
"363100012158228"
"363100012158466"
"363100012158466"
"363100012158619"
"363100012158632"
"363100012158632"
"363100012158824"
"363100012158824"
"363100012158824"
"363100012159006"
"363100012159066"
"363100012159066"
"363100012159066"
"363100012159277"
"363100012159277"
"363100012159277"
"363100012159395"
"363100012159395"
"363100012159395"
"363100012159496"
"363100012159496"
"363100012159496"
"363100012159569"
"363100012159599"
"363100012159767"
"363100012159767"
"363100012159820"
"363100012159820"
"363100012159831"
"363100012159831"
"363100012159877"
"363100012159877"
"363100012159951"
"363100012159998"
"363100012159998"
"363100012160451"
"363100012160451"
"363100012160451"
"363100012160479"
"363100012160930"
"363100012160930"
"363100012161310"
"363100012161684"
"363100012161763"
"363100012161763"
"363100012161763"
"363100012162070"
"363100012162070"
"363100012162070"
"363100012162116"
"363100012162116"
"363100012162162"
"363100012162209"
"363100012162209"
"363100012162321"
"363100012162696"
"363100012163336"
"363100012163336"
"363100012163439"
"363100012163707"
"363100012163707"
"363100012163888"
"363100012163888"
"363100012163888"
"363100012163948"
"363100012163948"
"363100012164033"
"363100012164361"
"363100012164361"
"363100012164874"
"363100012165366"
"363100012165397"
"363100012165397"
"363100012165667"
"363100012165667"
"363100012165732"
"363100012165732"
"363100012165732"
"363100012165810"
"363100012165810"
"363100012165861"
"363100012166008"
"363100012166008"
"363100012166289"
"363100012166289"
"363100012166792"
"363100012167265"
"363100012233431"
"363100012233431"
"363100012233658"
"363100012233658"
"363100012233658"
"363100012235931"
"363100012235931"
"363100012236263"
"363100012236263"
"363100012236722"
"363100012236748"
"363100012236748"
"363100012236768"
"363100012236804"
"363100012067569"
"363100012068295"
"363100012068295"
"363100012070638"
"363100012070638"
"363100012071120"
"363100012071120"
"363100012074769"
"363100012074769"
"363100012074769"
"363100012076340"
"363100012076685"
"363100012077446"
"363100012077446"
"363100012077446"
"363100012078068"
"363100012081013"
"363100012081013"
"363100012081013"
"363100012081247"
"363100012081247"
"363100012083563"
"363100012083563"
"363100012083563"
"363100012086336"
"363100012086519"
"363100012086519"
"363100012086519"
"363100012086773"
"363100012086773"
"363100012086877"
"363100012086984"
"363100012086984"
"363100012087566"
"363100012087566"
"363100012090486"
"363100012090486"
"363100012092001"
"363100012092001"
"363100012092490"
"363100012092490"
"363100012092490"
"363100012093442"
"363100012093442"
"363100012093772"
"363100012097151"
"363100012097151"
"363100012097882"
"363100012097882"
"363100012099249"
"363100012101376"
"363100012101376"
"363100012101996"
"363100012106148"
"363100012106148"
"363100012106148"
"363100012106328"
"363100012110029"
"363100012112263"
"363100012112529"
"363100012112529"
"363100012113688"
"363100012117471"
"363100012117471"
"363100012117748"
"363100012117748"
"363100012117748"
"363100012118119"
"363100012118119"
"363100012118119"
"363100012122406"
"363100012122406"
"363100012130452"
"363100012130609"
"363100012133358"
"363100012133358"
"363100012137198"
"363100012137198"
"363100012142563"
"363100012142563"
"363100012144373"
"363100012145144"
"363100012145144"
"363100012147310"
"363100012147310"
"363100012147496"
"363100012147496"
"363100012149299"
"363100012150944"
"363100012150944"
"363100012150944"
"363100012151587"
"363100012152778"
"363100012152778"
"363100012153984"
"363100012153984"
"363100012154202"
"363100012154202"
"363100012154617"
"363100012154617"
"363100012158236"
"363100012158886"
"363100012158886"
"363100012160132"
"363100012160132"
"363100012160601"
"363100012160685"
"363100012161624"
"363100012161624"
"363100012161704"
"363100012163285"
"363100012163285"
"363100012163285"
"363100012163586"
"363100012164446"
"363100012164446"
"363100012164446"
"363100012165992"
"363100012165992"
"363100012166277"
"363100012167263"
"363100012167263"
"363100012167263"
"363100012235974"
"363100012235974"
"363100012235974"
"363100012236231"
"363100012236231"
"363100012236231"
"363100012236586"
"363100012236956"
"363100012236956"
"363100012236956"
"363100012061397"
"363100012061397"
"363100012061601"
"363100012061601"
"363100012061601"
"363100012070318"
"363100012117093"
"363100012117093"
"363100012117093"
"363100012124008"
"363100012124008"
"363100012124008"
"363100012134220"
"363100012149284"
"363100012149284"
"363100012149284"
"363100012154373"
"363100012154373"
"363100012161559"
"363100012161559"
"363100012161559"
"363100012165908"
"363100012165908"
"363100012165908"
"363100012075638"
"363100012076019"
"363100012076019"
"363100012076019"
"363100012088349"
"363100012088349"
"363100012104357"
"363100012138352"
"363100012138352"
"363100012138352"
"363100012147212"
"363100012153699"
"363100012153943"
"363100012155703"
"363100012155703"
"363100012155904"
"363100012157784"
"363100012158383"
"363100012163610"
"363100012163610"
"363100012163610"
"363100012166951"
"363100012061506"
"363100012063951"
"363100012065987"
"363100012065987"
"363100012066132"
"363100012066558"
"363100012066558"
"363100012066558"
"363100012068776"
"363100012068776"
"363100012068776"
"363100012068800"
"363100012068800"
"363100012068800"
"363100012069875"
"363100012069875"
"363100012069875"
"363100012070785"
"363100012071293"
"363100012071293"
"363100012074604"
"363100012074604"
"363100012075382"
"363100012075382"
"363100012076067"
"363100012076067"
"363100012076067"
"363100012078013"
"363100012078013"
"363100012078013"
"363100012080098"
"363100012080098"
"363100012080098"
"363100012083537"
"363100012083537"
"363100012083537"
"363100012084076"
"363100012084231"
"363100012084231"
"363100012084231"
"363100012084849"
"363100012084849"
"363100012085154"
"363100012085630"
"363100012085630"
"363100012085895"
"363100012085895"
"363100012085895"
"363100012086922"
"363100012087784"
"363100012087784"
"363100012087784"
"363100012089490"
"363100012090074"
"363100012090074"
"363100012090074"
"363100012091160"
"363100012091160"
"363100012091160"
"363100012091725"
"363100012091725"
"363100012092303"
"363100012092303"
"363100012092303"
"363100012094741"
"363100012094741"
"363100012098791"
"363100012099781"
"363100012099781"
"363100012105654"
"363100012105654"
"363100012105654"
"363100012106168"
"363100012107362"
"363100012109593"
"363100012109593"
"363100012109593"
"363100012112474"
"363100012113158"
"363100012113547"
"363100012113547"
"363100012113547"
"363100012113841"
"363100012113841"
"363100012113841"
"363100012114656"
"363100012115014"
"363100012117351"
"363100012119938"
"363100012120005"
"363100012120005"
"363100012121022"
"363100012121022"
"363100012121022"
"363100012121409"
"363100012121409"
"363100012121409"
"363100012121608"
"363100012121608"
"363100012121608"
"363100012123127"
"363100012123127"
"363100012123316"
"363100012124452"
"363100012124452"
"363100012124452"
"363100012124525"
"363100012124764"
"363100012124764"
"363100012125911"
"363100012128682"
"363100012130490"
"363100012130490"
"363100012130490"
"363100012131167"
"363100012132048"
"363100012132048"
"363100012132048"
"363100012132717"
"363100012133213"
"363100012133213"
"363100012136474"
"363100012136947"
"363100012136947"
"363100012137054"
"363100012137054"
"363100012137054"
"363100012137224"
"363100012138941"
"363100012138941"
"363100012142606"
"363100012142606"
"363100012142606"
"363100012147206"
"363100012147206"
"363100012149066"
"363100012149066"
"363100012149066"
"363100012151174"
"363100012152425"
"363100012152446"
"363100012152516"
"363100012152516"
"363100012152516"
"363100012152582"
"363100012152582"
"363100012152582"
"363100012152601"
"363100012152601"
"363100012152601"
"363100012152617"
"363100012152617"
"363100012152685"
"363100012152685"
"363100012152795"
"363100012152795"
"363100012152811"
"363100012152811"
"363100012152811"
"363100012152955"
"363100012152968"
"363100012152968"
"363100012152968"
"363100012153142"
"363100012153142"
"363100012153142"
"363100012153304"
"363100012153304"
"363100012153304"
"363100012153429"
"363100012153429"
"363100012153429"
"363100012153504"
"363100012153504"
"363100012153516"
"363100012153535"
"363100012153596"
"363100012153596"
"363100012153601"
"363100012153645"
"363100012153645"
"363100012153720"
"363100012153720"
"363100012153720"
"363100012153777"
"363100012153910"
"363100012153910"
"363100012153910"
"363100012155456"
"363100012155565"
"363100012155565"
"363100012155598"
"363100012155601"
"363100012155601"
"363100012155601"
"363100012155645"
"363100012155680"
"363100012155694"
"363100012155694"
"363100012155694"
"363100012155717"
"363100012155717"
"363100012155717"
"363100012155897"
"363100012155897"
"363100012155906"
"363100012155906"
"363100012155906"
"363100012155956"
"363100012155956"
"363100012155956"
"363100012155970"
"363100012156261"
"363100012156261"
"363100012156285"
"363100012156285"
"363100012156319"
"363100012156319"
"363100012156319"
"363100012156360"
"363100012156360"
"363100012156360"
"363100012156445"
"363100012156445"
"363100012156445"
"363100012156468"
"363100012156567"
"363100012156583"
"363100012156583"
"363100012156797"
"363100012156797"
"363100012156863"
"363100012156863"
"363100012156962"
"363100012157172"
"363100012157172"
"363100012157289"
"363100012157355"
"363100012157355"
"363100012157371"
"363100012157428"
"363100012157428"
"363100012157428"
"363100012157706"
"363100012157719"
"363100012157719"
"363100012157719"
"363100012157741"
"363100012157741"
"363100012157772"
"363100012158148"
"363100012158148"
"363100012158148"
"363100012158152"
"363100012158152"
"363100012158242"
"363100012158242"
"363100012158313"
"363100012158313"
"363100012158315"
"363100012158374"
"363100012158392"
"363100012158392"
"363100012158392"
"363100012158393"
"363100012158393"
"363100012158409"
"363100012158527"
"363100012158627"
"363100012158757"
"363100012158810"
"363100012158849"
"363100012158849"
"363100012158994"
"363100012159002"
"363100012159002"
"363100012159002"
"363100012159021"
"363100012159021"
"363100012159083"
"363100012159083"
"363100012159104"
"363100012159104"
"363100012159431"
"363100012159431"
"363100012159473"
"363100012159495"
"363100012159495"
"363100012159495"
"363100012159504"
"363100012159563"
"363100012159605"
"363100012159908"
"363100012160095"
"363100012160122"
"363100012160122"
"363100012160122"
"363100012160123"
"363100012160123"
"363100012160125"
"363100012160125"
"363100012160167"
"363100012160167"
"363100012160452"
"363100012160452"
"363100012160454"
"363100012160454"
"363100012160459"
"363100012160459"
"363100012160490"
"363100012160490"
"363100012160490"
"363100012160533"
"363100012160533"
"363100012160610"
"363100012160610"
"363100012160610"
"363100012160637"
"363100012160672"
"363100012160682"
"363100012160771"
"363100012160812"
"363100012160812"
"363100012160812"
"363100012160822"
"363100012160822"
"363100012160822"
"363100012160886"
"363100012160886"
"363100012160886"
"363100012160928"
"363100012160963"
"363100012160963"
"363100012160963"
"363100012161052"
"363100012161052"
"363100012161052"
"363100012161091"
"363100012161091"
"363100012161291"
"363100012161294"
"363100012161294"
"363100012161294"
"363100012161320"
"363100012161320"
"363100012161365"
"363100012161365"
"363100012161365"
"363100012161592"
"363100012161592"
"363100012161592"
"363100012161638"
"363100012161638"
"363100012161672"
"363100012161672"
"363100012161672"
"363100012161975"
"363100012161989"
"363100012161989"
"363100012161989"
"363100012162003"
"363100012162011"
"363100012162011"
"363100012162106"
"363100012162106"
"363100012162173"
"363100012162173"
"363100012162253"
"363100012162253"
"363100012162258"
"363100012162269"
"363100012162306"
"363100012162306"
"363100012162337"
"363100012162337"
"363100012162466"
"363100012162532"
"363100012162532"
"363100012162586"
"363100012162586"
"363100012162621"
"363100012162655"
"363100012162879"
"363100012162879"
"363100012162879"
"363100012162966"
"363100012162966"
"363100012163001"
"363100012163001"
"363100012163024"
"363100012163029"
"363100012163029"
"363100012163063"
"363100012163063"
"363100012163063"
"363100012163109"
"363100012163121"
"363100012163121"
"363100012163121"
"363100012163258"
"363100012163258"
"363100012163258"
"363100012163292"
"363100012163391"
"363100012163391"
"363100012163391"
"363100012163411"
"363100012163411"
"363100012163418"
"363100012163418"
"363100012163418"
"363100012163435"
"363100012163481"
"363100012163513"
"363100012163534"
"363100012163534"
"363100012163534"
"363100012163563"
"363100012163596"
"363100012163661"
"363100012163772"
"363100012163772"
"363100012163772"
"363100012163777"
"363100012163777"
"363100012163882"
"363100012163882"
"363100012163882"
"363100012163895"
"363100012163895"
"363100012163895"
"363100012163922"
"363100012163940"
"363100012163940"
"363100012163980"
"363100012163980"
"363100012164138"
"363100012164138"
"363100012164138"
"363100012164542"
"363100012164551"
"363100012164551"
"363100012164551"
"363100012164552"
"363100012164552"
"363100012164609"
"363100012164609"
"363100012164609"
"363100012164685"
"363100012164685"
"363100012164685"
"363100012164702"
"363100012164702"
"363100012164702"
"363100012164740"
"363100012164757"
"363100012164763"
"363100012164763"
"363100012164763"
"363100012164767"
"363100012164767"
"363100012164767"
"363100012164806"
"363100012164806"
"363100012164806"
"363100012164878"
"363100012164878"
"363100012164878"
"363100012164900"
"363100012164900"
"363100012164900"
"363100012165312"
"363100012165480"
"363100012165840"
"363100012165840"
"363100012165840"
"363100012166076"
"363100012166076"
"363100012166076"
"363100012166126"
"363100012166126"
"363100012166137"
"363100012166300"
"363100012166430"
"363100012166430"
"363100012166581"
"363100012166691"
"363100012166691"
"363100012166691"
"363100012166755"
"363100012166790"
"363100012166856"
"363100012166928"
"363100012167038"
"363100012167078"
"363100012167078"
"363100012167078"
"363100012167110"
"363100012167110"
"363100012167129"
"363100012167129"
"363100012167129"
"363100012167248"
"363100012167248"
"363100012167248"
"363100012167278"
"363100012233445"
"363100012233445"
"363100012233445"
"363100012233503"
"363100012233503"
"363100012233549"
"363100012233549"
"363100012233549"
"363100012236092"
"363100012236092"
"363100012236215"
"363100012236477"
"363100012236477"
"363100012236477"
"363100012236574"
"363100012236574"
"363100012236576"
"363100012236576"
"363100012236576"
"363100012236666"
"363100012236666"
"363100012236666"
"363100012236737"
"363100012236737"
"363100012236737"
"363100012237271"
"363100012237271"
"363100012237283"
"363100012237283"
"363100012237595"
"363100012237595"
"363100012237595"
"363100012084132"
"363100012134973"
"363100012134973"
"363100012158098"
"363100012158098"
"363100012158098"
"363100012159237"
"363100012160310"
"363100012160310"
"363100012160310"
"363100012061564"
"363100012061564"
"363100012061564"
"363100012062352"
"363100012064385"
"363100012066521"
"363100012069067"
"363100012069067"
"363100012069067"
"363100012071969"
"363100012071969"
"363100012071969"
"363100012072046"
"363100012072046"
"363100012072046"
"363100012072268"
"363100012072268"
"363100012075102"
"363100012075102"
"363100012075764"
"363100012075764"
"363100012081306"
"363100012081306"
"363100012081594"
"363100012086701"
"363100012090897"
"363100012090897"
"363100012090897"
"363100012092481"
"363100012092481"
"363100012094605"
"363100012094605"
"363100012094605"
"363100012096725"
"363100012096725"
"363100012097133"
"363100012098093"
"363100012098856"
"363100012098856"
"363100012098856"
"363100012100543"
"363100012100543"
"363100012100728"
"363100012102323"
"363100012106570"
"363100012106570"
"363100012107036"
"363100012107036"
"363100012107036"
"363100012109104"
"363100012110542"
"363100012110542"
"363100012110542"
"363100012110777"
"363100012111248"
"363100012111248"
"363100012111248"
"363100012114048"
"363100012117348"
"363100012118929"
"363100012118929"
"363100012120935"
"363100012122154"
"363100012122154"
"363100012124590"
"363100012124590"
"363100012124590"
"363100012125749"
"363100012125749"
"363100012125980"
"363100012130566"
"363100012130566"
"363100012132071"
"363100012132289"
"363100012132289"
"363100012132289"
"363100012135503"
"363100012139063"
"363100012139063"
"363100012140109"
"363100012140109"
"363100012146925"
"363100012146925"
"363100012146925"
"363100012149929"
"363100012151648"
"363100012152239"
"363100012152239"
"363100012152239"
"363100012155012"
"363100012155012"
"363100012070463"
"363100012099615"
"363100012120098"
"363100012120098"
"363100012120098"
"363100012127790"
"363100012127790"
"363100012127790"
"363100012133196"
"363100012133196"
"363100012133196"
"363100012145861"
"363100012145861"
"363100012061164"
"363100012061164"
"363100012061164"
"363100012061753"
"363100012061753"
"363100012061779"
"363100012061779"
"363100012061779"
"363100012065944"
"363100012065944"
"363100012065944"
"363100012066079"
"363100012066079"
"363100012066079"
"363100012069453"
"363100012069453"
"363100012069453"
"363100012069522"
"363100012075603"
"363100012075603"
"363100012076358"
"363100012077391"
"363100012077391"
"363100012080700"
"363100012086924"
"363100012086924"
"363100012088131"
"363100012089096"
"363100012089096"
"363100012092249"
"363100012092249"
"363100012093219"
"363100012093219"
"363100012093219"
"363100012096062"
"363100012096062"
"363100012096062"
"363100012096600"
"363100012097081"
"363100012097081"
"363100012097081"
"363100012098605"
"363100012098605"
"363100012098605"
"363100012098917"
"363100012098917"
"363100012101976"
"363100012101976"
"363100012101976"
"363100012103866"
"363100012103866"
"363100012103866"
"363100012104305"
"363100012104305"
"363100012105841"
"363100012105841"
"363100012106076"
"363100012106076"
"363100012106076"
"363100012107068"
"363100012107068"
"363100012111213"
"363100012111213"
"363100012112112"
"363100012112112"
"363100012113618"
"363100012113901"
"363100012113901"
"363100012115366"
"363100012116289"
"363100012116289"
"363100012116289"
"363100012122273"
"363100012122273"
"363100012122273"
"363100012122578"
"363100012122578"
"363100012122578"
"363100012122816"
"363100012122816"
"363100012123533"
"363100012123533"
"363100012123533"
"363100012125582"
"363100012125582"
"363100012129820"
"363100012129820"
"363100012132226"
"363100012132226"
"363100012132226"
"363100012132344"
"363100012132344"
"363100012133336"
"363100012133336"
"363100012133336"
"363100012134103"
"363100012134103"
"363100012134103"
"363100012135388"
"363100012135388"
"363100012135964"
"363100012137153"
"363100012137153"
"363100012137153"
"363100012138764"
"363100012138764"
"363100012140381"
"363100012140580"
"363100012140580"
"363100012140580"
"363100012142890"
"363100012142890"
"363100012142890"
"363100012144072"
"363100012144072"
"363100012144072"
"363100012146224"
"363100012146224"
"363100012146224"
"363100012146273"
"363100012146273"
"363100012147066"
"363100012147066"
"363100012149413"
"363100012149413"
"363100012149413"
"363100012150281"
"363100012151668"
"363100012154089"
"363100012154089"
"363100012154089"
"363100012067295"
"363100012073106"
"363100012073106"
"363100012078153"
"363100012078153"
"363100012078153"
"363100012078816"
"363100012078816"
"363100012078816"
"363100012086964"
"363100012086964"
"363100012086964"
"363100012107117"
"363100012107117"
"363100012107117"
"363100012107652"
"363100012107652"
"363100012110056"
"363100012110056"
"363100012110424"
"363100012110424"
"363100012110833"
"363100012124680"
"363100012126497"
"363100012126867"
"363100012126867"
"363100012126867"
"363100012135688"
"363100012144297"
"363100012144297"
"363100012153247"
"363100012153542"
"363100012153542"
"363100012162424"
"363100012088992"
"363100012099387"
"363100012099387"
"363100012110675"
"363100012110675"
"363100012112119"
"363100012131672"
"363100012131672"
"363100012132235"
"363100012074031"
"363100012077115"
"363100012077115"
"363100012077115"
"363100012081181"
"363100012083361"
"363100012083361"
"363100012083361"
"363100012092961"
"363100012092961"
"363100012092961"
"363100012092969"
"363100012092969"
"363100012092969"
"363100012100861"
"363100012100861"
"363100012100861"
"363100012102634"
"363100012102634"
"363100012102634"
"363100012105524"
"363100012105524"
"363100012105524"
"363100012106443"
"363100012106646"
"363100012106646"
"363100012106646"
"363100012111675"
"363100012111675"
"363100012111675"
"363100012113930"
"363100012120676"
"363100012121574"
"363100012124908"
"363100012131841"
"363100012131841"
"363100012131841"
"363100012133273"
"363100012135308"
"363100012135590"
"363100012136654"
"363100012136654"
"363100012136654"
"363100012136771"
"363100012136771"
"363100012136771"
"363100012138314"
"363100012138314"
"363100012138314"
"363100012143197"
"363100012143197"
"363100012143197"
"363100012146615"
"363100012146615"
"363100012146615"
"363100012147057"
"363100012147057"
"363100012147057"
"363100012149220"
"363100012149220"
"363100012149220"
"363100012149558"
"363100012149558"
"363100012149558"
"363100012149731"
"363100012149798"
"363100012149798"
"363100012149832"
"363100012149832"
"363100012149832"
"363100012064891"
"363100012065597"
"363100012066538"
"363100012067609"
"363100012067609"
"363100012067609"
"363100012068688"
"363100012068688"
"363100012069588"
"363100012073497"
"363100012073497"
"363100012073497"
"363100012076058"
"363100012076058"
"363100012076058"
"363100012078785"
"363100012078785"
"363100012078940"
"363100012078940"
"363100012078940"
"363100012079191"
"363100012079191"
"363100012079191"
"363100012085742"
"363100012085742"
"363100012085742"
"363100012086849"
"363100012086849"
"363100012086849"
"363100012087085"
"363100012087085"
"363100012087085"
"363100012088217"
"363100012088217"
"363100012088217"
"363100012089958"
"363100012091754"
"363100012091754"
"363100012091754"
"363100012092217"
"363100012092217"
"363100012092217"
"363100012092704"
"363100012092704"
"363100012092704"
"363100012094906"
"363100012094906"
"363100012094906"
"363100012096502"
"363100012098121"
"363100012098121"
"363100012098121"
"363100012101842"
"363100012101842"
"363100012101924"
"363100012102205"
"363100012102205"
"363100012102205"
"363100012110963"
"363100012110963"
"363100012110963"
"363100012111715"
"363100012111715"
"363100012111715"
"363100012113384"
"363100012113384"
"363100012113384"
"363100012116773"
"363100012116773"
"363100012117786"
"363100012120588"
"363100012120588"
"363100012120588"
"363100012125254"
"363100012125254"
"363100012125254"
"363100012127546"
"363100012127546"
"363100012127546"
"363100012128190"
"363100012128190"
"363100012128190"
"363100012131289"
"363100012131289"
"363100012133404"
"363100012133404"
"363100012133814"
"363100012133814"
"363100012136593"
"363100012143902"
"363100012143902"
"363100012143902"
"363100012145568"
"363100012145568"
"363100012145643"
"363100012145643"
"363100012145643"
"363100012146189"
"363100012146189"
"363100012150079"
"363100012150079"
"363100012150079"
"363100012151220"
"363100012151220"
"363100012151386"
"363100012151386"
"363100012063103"
"363100012063230"
"363100012063230"
"363100012063230"
"363100012063368"
"363100012063734"
"363100012063734"
"363100012063734"
"363100012063757"
"363100012063880"
"363100012063880"
"363100012063880"
"363100012064391"
"363100012064391"
"363100012064391"
"363100012064500"
"363100012064500"
"363100012064543"
"363100012064543"
"363100012064543"
"363100012065425"
"363100012065425"
"363100012065425"
"363100012065683"
"363100012065683"
"363100012065864"
"363100012065864"
"363100012065864"
"363100012066363"
"363100012066746"
"363100012066746"
"363100012066746"
"363100012066810"
"363100012066810"
"363100012066887"
"363100012066887"
"363100012066887"
"363100012067270"
"363100012067270"
"363100012067615"
"363100012067630"
"363100012067724"
"363100012067724"
"363100012067724"
"363100012067794"
"363100012067794"
"363100012068156"
"363100012068156"
"363100012068156"
"363100012068203"
"363100012068203"
"363100012068203"
"363100012068232"
"363100012068232"
"363100012068411"
"363100012068474"
"363100012068474"
"363100012068474"
"363100012069527"
"363100012069527"
"363100012069578"
"363100012069578"
"363100012069578"
"363100012072293"
"363100012072293"
"363100012072513"
"363100012072663"
"363100012072663"
"363100012073571"
"363100012076318"
"363100012076318"
"363100012076318"
"363100012077313"
"363100012077628"
"363100012078357"
"363100012078357"
"363100012078644"
"363100012078644"
"363100012078657"
"363100012078657"
"363100012078657"
"363100012079267"
"363100012079267"
"363100012079267"
"363100012079906"
"363100012080250"
"363100012080912"
"363100012080912"
"363100012081307"
"363100012081307"
"363100012081307"
"363100012082525"
"363100012082525"
"363100012082711"
"363100012082711"
"363100012082970"
"363100012082970"
"363100012082970"
"363100012083077"
"363100012083381"
"363100012083381"
"363100012083381"
"363100012084105"
"363100012084755"
"363100012085440"
"363100012085440"
"363100012085470"
"363100012086722"
"363100012086722"
"363100012086722"
"363100012086800"
"363100012087686"
"363100012087823"
"363100012087823"
"363100012088036"
"363100012088036"
"363100012088036"
"363100012088512"
"363100012088512"
"363100012088512"
"363100012088688"
"363100012088688"
"363100012088688"
"363100012089366"
"363100012091117"
"363100012091117"
"363100012091260"
"363100012091299"
"363100012091373"
"363100012091373"
"363100012092023"
"363100012092906"
"363100012092906"
"363100012093312"
"363100012093312"
"363100012093761"
"363100012093761"
"363100012093761"
"363100012093939"
"363100012093939"
"363100012094334"
"363100012094438"
"363100012094688"
"363100012094688"
"363100012094688"
"363100012094798"
"363100012094798"
"363100012094992"
"363100012094992"
"363100012094992"
"363100012095101"
"363100012095101"
"363100012095101"
"363100012095106"
"363100012095106"
"363100012095196"
"363100012095196"
"363100012095196"
"363100012095837"
"363100012095837"
"363100012096493"
"363100012096493"
"363100012096493"
"363100012096598"
"363100012096598"
"363100012096598"
"363100012096893"
"363100012097036"
"363100012097164"
"363100012097164"
"363100012097441"
"363100012097441"
"363100012097737"
"363100012097737"
"363100012097823"
"363100012097823"
"363100012097823"
"363100012098458"
"363100012098843"
"363100012098843"
"363100012099333"
"363100012099333"
"363100012099428"
"363100012099428"
"363100012099428"
"363100012099995"
"363100012099995"
"363100012100093"
"363100012100123"
"363100012100123"
"363100012100279"
"363100012100515"
"363100012100625"
"363100012100625"
"363100012100991"
"363100012100991"
"363100012101340"
"363100012101340"
"363100012101340"
"363100012101385"
"363100012101385"
"363100012101973"
"363100012101973"
"363100012102952"
"363100012102952"
"363100012103032"
"363100012103032"
"363100012103406"
"363100012103406"
"363100012103406"
"363100012103546"
"363100012103627"
"363100012103627"
"363100012103804"
"363100012104070"
"363100012104070"
"363100012104240"
"363100012104240"
"363100012104240"
"363100012104843"
"363100012104864"
"363100012104864"
"363100012104864"
"363100012105248"
"363100012105248"
"363100012105591"
"363100012105828"
"363100012105828"
"363100012105828"
"363100012105848"
"363100012105848"
"363100012106101"
"363100012106101"
"363100012106141"
"363100012106141"
"363100012106946"
"363100012106946"
"363100012106954"
"363100012107540"
"363100012107540"
"363100012107540"
"363100012107625"
"363100012107625"
"363100012107625"
"363100012107662"
"363100012107662"
"363100012108318"
"363100012108318"
"363100012108318"
"363100012108359"
"363100012108359"
"363100012108359"
"363100012109270"
"363100012109270"
"363100012109270"
"363100012109730"
"363100012109730"
"363100012109767"
"363100012109767"
"363100012110008"
"363100012110008"
"363100012110040"
"363100012110040"
"363100012110040"
"363100012112035"
"363100012112035"
"363100012112035"
"363100012113139"
"363100012113139"
"363100012113239"
"363100012113474"
"363100012113474"
"363100012113474"
"363100012114572"
"363100012114572"
"363100012114716"
"363100012114716"
"363100012114716"
"363100012116651"
"363100012116651"
"363100012117490"
"363100012117490"
"363100012117607"
"363100012118330"
"363100012118618"
"363100012118618"
"363100012118618"
"363100012118732"
"363100012119884"
"363100012119884"
"363100012119884"
"363100012120357"
"363100012120357"
"363100012120357"
"363100012120481"
"363100012120483"
"363100012120483"
"363100012120577"
"363100012120577"
"363100012121376"
"363100012121739"
"363100012121739"
"363100012121836"
"363100012122591"
"363100012122730"
"363100012122730"
"363100012122765"
"363100012122765"
"363100012122765"
"363100012122859"
"363100012122859"
"363100012122859"
"363100012123961"
"363100012125129"
"363100012125129"
"363100012126024"
"363100012126024"
"363100012126024"
"363100012126059"
"363100012126059"
"363100012126059"
"363100012126265"
"363100012126265"
"363100012126320"
"363100012126320"
"363100012126320"
"363100012126484"
"363100012126484"
"363100012126484"
"363100012126832"
"363100012126832"
"363100012126832"
"363100012126927"
"363100012127796"
"363100012127796"
"363100012127867"
"363100012127867"
"363100012127921"
"363100012127921"
"363100012127921"
"363100012129070"
"363100012129070"
"363100012129070"
"363100012129714"
"363100012129714"
"363100012130014"
"363100012130014"
"363100012130979"
"363100012130979"
"363100012130979"
"363100012131266"
"363100012131266"
"363100012131623"
"363100012131623"
"363100012131623"
"363100012131943"
"363100012132502"
"363100012132617"
"363100012132617"
"363100012132819"
"363100012132819"
"363100012132819"
"363100012132980"
"363100012132980"
"363100012133220"
"363100012133220"
"363100012133220"
"363100012134086"
"363100012134086"
"363100012134166"
"363100012134166"
"363100012134166"
"363100012134608"
"363100012135070"
"363100012135070"
"363100012135421"
"363100012136192"
"363100012136192"
"363100012136780"
"363100012136780"
"363100012136780"
"363100012136839"
"363100012136839"
"363100012136945"
"363100012136945"
"363100012136945"
"363100012136961"
"363100012136961"
"363100012136961"
"363100012137322"
"363100012137322"
"363100012137805"
"363100012138251"
"363100012138363"
"363100012138363"
"363100012139285"
"363100012139285"
"363100012139725"
"363100012139725"
"363100012140817"
"363100012141623"
"363100012142970"
"363100012142970"
"363100012142970"
"363100012143020"
"363100012143020"
"363100012143020"
"363100012143399"
"363100012143751"
"363100012144094"
"363100012144094"
"363100012144094"
"363100012144746"
"363100012146216"
"363100012146216"
"363100012146216"
"363100012146651"
"363100012146651"
"363100012146914"
"363100012146914"
"363100012147253"
"363100012147415"
"363100012147415"
"363100012147556"
"363100012147556"
"363100012147765"
"363100012147778"
"363100012147778"
"363100012148080"
"363100012148080"
"363100012148080"
"363100012148252"
"363100012148252"
"363100012148863"
"363100012148863"
"363100012148906"
"363100012148906"
"363100012149212"
"363100012149212"
"363100012149322"
"363100012149322"
"363100012149322"
"363100012149881"
"363100012149881"
"363100012150507"
"363100012150507"
"363100012150548"
"363100012150548"
"363100012150548"
"363100012150811"
"363100012150811"
"363100012150811"
"363100012150966"
"363100012150966"
"363100012151198"
"363100012151198"
"363100012152038"
"363100012152038"
"363100012152038"
"363100012155023"
"363100012155023"
"363100012155023"
"363100012155172"
"363100012155172"
"363100012066489"
"363100012077073"
"363100012077073"
"363100012077073"
"363100012081363"
"363100012081363"
"363100012083417"
"363100012083417"
"363100012085536"
"363100012085536"
"363100012086305"
"363100012088525"
"363100012088525"
"363100012090106"
"363100012091936"
"363100012091936"
"363100012091936"
"363100012092838"
"363100012101390"
"363100012101390"
"363100012107909"
"363100012107909"
"363100012107909"
"363100012107928"
"363100012107928"
"363100012107928"
"363100012108820"
"363100012111177"
"363100012111177"
"363100012112337"
"363100012112337"
"363100012130134"
"363100012130134"
"363100012131561"
"363100012132184"
"363100012132184"
"363100012133171"
"363100012133171"
"363100012134126"
"363100012134541"
"363100012134541"
"363100012134541"
"363100012137077"
"363100012137077"
"363100012141160"
"363100012141160"
"363100012143656"
"363100012143656"
"363100012147640"
"363100012147640"
"363100012147924"
"363100012147924"
"363100012147924"
"363100012149346"
"363100012149768"
"363100012150138"
"363100012150321"
"363100012151852"
"363100012151852"
"363100012152179"
"363100012152179"
"363100012152179"
"363100012154996"
"363100012154996"
"363100012154996"
"363100012241639"
"363100012241640"
"363100012241640"
"363100012241641"
"363100012241642"
"363100012241642"
"363100012241642"
"363100012241644"
"363100012241658"
"363100012241658"
"363100012241658"
"363100012241659"
"363100012241659"
"363100012241659"
"363100012241660"
"363100012241660"
"363100012241661"
"363100012241661"
"363100012241661"
"363100012241662"
"363100012241662"
"363100012241662"
"363100012241663"
"363100012241679"
"363100012241726"
"363100012241726"
"363100012241811"
"363100012241969"
"363100012241969"
"363100012242040"
"363100012242040"
"363100012242044"
"363100012242044"
"363100012242068"
"363100012242069"
"363100012242095"
"363100012242110"
"363100012242110"
"363100012242136"
"363100012242136"
"363100012242449"
"363100012242449"
"363100012242805"
"363100012242805"
"363100012243112"
"363100012243307"
"363100012243307"
"363100012243307"
"363100012243485"
"363100012244097"
"363100012244097"
"363100012244421"
"363100012244421"
"363100012244421"
"363100012063679"
"363100012152507"
"363100012154199"
"363100012155404"
"363100012156252"
"363100012156252"
"363100012156765"
"363100012157851"
"363100012158572"
"363100012159469"
"363100012159469"
"363100012159469"
"363100012160015"
"363100012160669"
"363100012160939"
"363100012160939"
"363100012162102"
"363100012166347"
"363100012166426"
"363100012166912"
"363100012203620"
"363100012203620"
"363100012110356"
"363100012110356"
"363100012110356"
"363100012063603"
"363100012063603"
"363100012064351"
"363100012064367"
"363100012064367"
"363100012064699"
"363100012066516"
"363100012066864"
"363100012066864"
"363100012066864"
"363100012067917"
"363100012067917"
"363100012067917"
"363100012068308"
"363100012068557"
"363100012068604"
"363100012068606"
"363100012069465"
"363100012069465"
"363100012069881"
"363100012069881"
"363100012070082"
"363100012070082"
"363100012070824"
"363100012070824"
"363100012070824"
"363100012071986"
"363100012072521"
"363100012072521"
"363100012072521"
"363100012075671"
"363100012075671"
"363100012075671"
"363100012076621"
"363100012076621"
"363100012076621"
"363100012076781"
"363100012076781"
"363100012076781"
"363100012077128"
"363100012077294"
"363100012077294"
"363100012078356"
"363100012078356"
"363100012078356"
"363100012078922"
"363100012078922"
"363100012078922"
"363100012079952"
"363100012079952"
"363100012084988"
"363100012084988"
"363100012085810"
"363100012085810"
"363100012085810"
"363100012085908"
"363100012085908"
"363100012085908"
"363100012087354"
"363100012087354"
"363100012087487"
"363100012087614"
"363100012087614"
"363100012088044"
"363100012088851"
"363100012088851"
"363100012088932"
"363100012088932"
"363100012090080"
"363100012090080"
"363100012090396"
"363100012090396"
"363100012095173"
"363100012095940"
"363100012095940"
"363100012095940"
"363100012097285"
"363100012097285"
"363100012097285"
"363100012097970"
"363100012100679"
"363100012100679"
"363100012100679"
"363100012101942"
"363100012102711"
"363100012102711"
"363100012102711"
"363100012103649"
"363100012103649"
"363100012103706"
"363100012103706"
"363100012104664"
"363100012104664"
"363100012104943"
"363100012104943"
"363100012104943"
"363100012106062"
"363100012106062"
"363100012106578"
"363100012106578"
"363100012106578"
"363100012106585"
"363100012106585"
"363100012106585"
"363100012111373"
"363100012112220"
"363100012112628"
"363100012113476"
"363100012113476"
"363100012113476"
"363100012115314"
"363100012115314"
"363100012115314"
"363100012115657"
"363100012115657"
"363100012115657"
"363100012117043"
"363100012117043"
"363100012117043"
"363100012118817"
"363100012118817"
"363100012119128"
"363100012119128"
"363100012119843"
"363100012119843"
"363100012119843"
"363100012120663"
"363100012120663"
"363100012120663"
"363100012120962"
"363100012120962"
"363100012120962"
"363100012124130"
"363100012124130"
"363100012124130"
"363100012125050"
"363100012125050"
"363100012128070"
"363100012128070"
"363100012128070"
"363100012130248"
"363100012130248"
"363100012130891"
"363100012131000"
"363100012131000"
"363100012131421"
"363100012131421"
"363100012131421"
"363100012134799"
"363100012134799"
"363100012135719"
"363100012135719"
"363100012135719"
"363100012136254"
"363100012136254"
"363100012136254"
"363100012137833"
"363100012139231"
"363100012139231"
"363100012139231"
"363100012140382"
"363100012140382"
"363100012140382"
"363100012141652"
"363100012141652"
"363100012141652"
"363100012141929"
"363100012141929"
"363100012141929"
"363100012142773"
"363100012142773"
"363100012147627"
"363100012150939"
"363100012150939"
"363100012151118"
"363100012151118"
"363100012151118"
"363100012154445"
"363100012154445"
"363100012154445"
"363100012157728"
"363100012157728"
"363100012157728"
"363100012162137"
"363100012162137"
"363100012237935"
"363100012237935"
"363100012088543"
"363100012090202"
"363100012090202"
"363100012091969"
"363100012091969"
"363100012091969"
"363100012097538"
"363100012099609"
"363100012107551"
"363100012107551"
"363100012076792"
"363100012076792"
"363100012123814"
"363100012150585"
"363100012150585"
"363100012150585"
"363100012119218"
"363100012119218"
"363100012119218"
"363100012121687"
"363100012121687"
"363100012121687"
"363100012061359"
"363100012061359"
"363100012061465"
"363100012061857"
"363100012062925"
"363100012063886"
"363100012063886"
"363100012064562"
"363100012064562"
"363100012064562"
"363100012067865"
"363100012067865"
"363100012067865"
"363100012069287"
"363100012069531"
"363100012069531"
"363100012069531"
"363100012069882"
"363100012069882"
"363100012069882"
"363100012072514"
"363100012072514"
"363100012072690"
"363100012072690"
"363100012072844"
"363100012073575"
"363100012073798"
"363100012073798"
"363100012074232"
"363100012074232"
"363100012074544"
"363100012074544"
"363100012075130"
"363100012076097"
"363100012076097"
"363100012076097"
"363100012076127"
"363100012076127"
"363100012076127"
"363100012076595"
"363100012076595"
"363100012076595"
"363100012078476"
"363100012078476"
"363100012079511"
"363100012079511"
"363100012079511"
"363100012080312"
"363100012080312"
"363100012080947"
"363100012080947"
"363100012081691"
"363100012082016"
"363100012082971"
"363100012082971"
"363100012087869"
"363100012088266"
"363100012088266"
"363100012088266"
"363100012088337"
"363100012088337"
"363100012088609"
"363100012089475"
"363100012089748"
"363100012089748"
"363100012089748"
"363100012089851"
"363100012090089"
"363100012090430"
"363100012091619"
"363100012091619"
"363100012091619"
"363100012091794"
"363100012091794"
"363100012091794"
"363100012094050"
"363100012094050"
"363100012094050"
"363100012095295"
"363100012095295"
"363100012095295"
"363100012096660"
"363100012098309"
"363100012098309"
"363100012098309"
"363100012098395"
"363100012098395"
"363100012098522"
"363100012099172"
"363100012099172"
"363100012099172"
"363100012099216"
"363100012100891"
"363100012101550"
"363100012101817"
"363100012101817"
"363100012103772"
"363100012103772"
"363100012105054"
"363100012105054"
"363100012105480"
"363100012105480"
"363100012105480"
"363100012105495"
"363100012107588"
"363100012107588"
"363100012107593"
"363100012109045"
"363100012109045"
"363100012109600"
"363100012109600"
"363100012109959"
"363100012109959"
"363100012109959"
"363100012110217"
"363100012110970"
"363100012110970"
"363100012110970"
"363100012111517"
"363100012112726"
"363100012112726"
"363100012112726"
"363100012113505"
"363100012113670"
"363100012117336"
"363100012117336"
"363100012117494"
"363100012118039"
"363100012118105"
"363100012118105"
"363100012120245"
"363100012123363"
"363100012123363"
"363100012124872"
"363100012124872"
"363100012127068"
"363100012127068"
"363100012127224"
"363100012127224"
"363100012128722"
"363100012128722"
"363100012128791"
"363100012129246"
"363100012129246"
"363100012130798"
"363100012130798"
"363100012131276"
"363100012133208"
"363100012134156"
"363100012134156"
"363100012134156"
"363100012136249"
"363100012136249"
"363100012136738"
"363100012136896"
"363100012138232"
"363100012138232"
"363100012139409"
"363100012139409"
"363100012140101"
"363100012140872"
"363100012140872"
"363100012140872"
"363100012141417"
"363100012141417"
"363100012141417"
"363100012142156"
"363100012142433"
"363100012142433"
"363100012143242"
"363100012143278"
"363100012143278"
"363100012143723"
"363100012143723"
"363100012143723"
"363100012144911"
"363100012144945"
"363100012145721"
"363100012145721"
"363100012145807"
"363100012145954"
"363100012145954"
"363100012146020"
"363100012146020"
"363100012147209"
"363100012147209"
"363100012147470"
"363100012149352"
"363100012149352"
"363100012150674"
"363100012153147"
"363100012153147"
"363100012156943"
"363100012156943"
"363100012162710"
"363100012162710"
"363100012162710"
"363100012164228"
"363100012164536"
"363100012164536"
"363100012164604"
"363100012164604"
"363100012166351"
"363100012166351"
"363100012166351"
"363100012062643"
"363100012064039"
"363100012067319"
"363100012070644"
"363100012071956"
"363100012071956"
"363100012071956"
"363100012075241"
"363100012086919"
"363100012086919"
"363100012088527"
"363100012088527"
"363100012089312"
"363100012092100"
"363100012092100"
"363100012093204"
"363100012093204"
"363100012098958"
"363100012098958"
"363100012110363"
"363100012117679"
"363100012117679"
"363100012118966"
"363100012118966"
"363100012119719"
"363100012122012"
"363100012125418"
"363100012125960"
"363100012125960"
"363100012126573"
"363100012126573"
"363100012127691"
"363100012135157"
"363100012135157"
"363100012138975"
"363100012139222"
"363100012145204"
"363100012145508"
"363100012145508"
"363100012145508"
"363100012151402"
"363100012154605"
"363100012061994"
"363100012061994"
"363100012064393"
"363100012065004"
"363100012065515"
"363100012065515"
"363100012066202"
"363100012066202"
"363100012067934"
"363100012069197"
"363100012069225"
"363100012069225"
"363100012069830"
"363100012070925"
"363100012072689"
"363100012073402"
"363100012074008"
"363100012074008"
"363100012075098"
"363100012075792"
"363100012075792"
"363100012078757"
"363100012078757"
"363100012078858"
"363100012082451"
"363100012082451"
"363100012082792"
"363100012083481"
"363100012085466"
"363100012085466"
"363100012086228"
"363100012086739"
"363100012086739"
"363100012087186"
"363100012087474"
"363100012087806"
"363100012088662"
"363100012089048"
"363100012089607"
"363100012089607"
"363100012089736"
"363100012091842"
"363100012091842"
"363100012092819"
"363100012092819"
"363100012093724"
"363100012093859"
"363100012093859"
"363100012093859"
"363100012096497"
"363100012096497"
"363100012097824"
"363100012097824"
"363100012098473"
"363100012102782"
"363100012102782"
"363100012102782"
"363100012103268"
"363100012105266"
"363100012105266"
"363100012105266"
"363100012107945"
"363100012107945"
"363100012107994"
"363100012107994"
"363100012108680"
"363100012109897"
"363100012109954"
"363100012110648"
"363100012110722"
"363100012111107"
"363100012111191"
"363100012115945"
"363100012116138"
"363100012119323"
"363100012119323"
"363100012119323"
"363100012120419"
"363100012123454"
"363100012123454"
"363100012123454"
"363100012123555"
"363100012123555"
"363100012124069"
"363100012124245"
"363100012124653"
"363100012125482"
"363100012126119"
"363100012126119"
"363100012127295"
"363100012127378"
"363100012127378"
"363100012129473"
"363100012129910"
"363100012133325"
"363100012135217"
"363100012140153"
"363100012140153"
"363100012142561"
"363100012142797"
"363100012143152"
"363100012144662"
"363100012147004"
"363100012147599"
"363100012148428"
"363100012149178"
"363100012150251"
"363100012150251"
"363100012150635"
"363100012150635"
"363100012150635"
"363100012151102"
"363100012151817"
"363100012151817"
"363100012154471"
"363100012188122"
"363100012188122"
"363100012188144"
"363100012188807"
"363100012188807"
"363100012188811"
"363100012188811"
"363100012189759"
"363100012189759"
"363100012189759"
"363100012089871"
"363100012093419"
"363100012093419"
"363100012096652"
"363100012096652"
"363100012096652"
"363100012121150"
"363100012121150"
"363100012121150"
"363100012131846"
"363100012150290"
"363100012150290"
"363100012061389"
"363100012061389"
"363100012061606"
"363100012064644"
"363100012065232"
"363100012067610"
"363100012068014"
"363100012068014"
"363100012068014"
"363100012068751"
"363100012070659"
"363100012070659"
"363100012070659"
"363100012071027"
"363100012071027"
"363100012071027"
"363100012071933"
"363100012071933"
"363100012072117"
"363100012072117"
"363100012072329"
"363100012072329"
"363100012072620"
"363100012073081"
"363100012073932"
"363100012073932"
"363100012073978"
"363100012073978"
"363100012073978"
"363100012074871"
"363100012074912"
"363100012074912"
"363100012075323"
"363100012076487"
"363100012076487"
"363100012076487"
"363100012076747"
"363100012076764"
"363100012076954"
"363100012077093"
"363100012077093"
"363100012077172"
"363100012077172"
"363100012077768"
"363100012077768"
"363100012077772"
"363100012077772"
"363100012078309"
"363100012078309"
"363100012079190"
"363100012079190"
"363100012079918"
"363100012080085"
"363100012080115"
"363100012080115"
"363100012080115"
"363100012080872"
"363100012081322"
"363100012081322"
"363100012081620"
"363100012081916"
"363100012081916"
"363100012081916"
"363100012082748"
"363100012083059"
"363100012083367"
"363100012083367"
"363100012084154"
"363100012084154"
"363100012084154"
"363100012084208"
"363100012084310"
"363100012084310"
"363100012084493"
"363100012085011"
"363100012086400"
"363100012086989"
"363100012086989"
"363100012089046"
"363100012089046"
"363100012091192"
"363100012091192"
"363100012091227"
"363100012091860"
"363100012092627"
"363100012092664"
"363100012092664"
"363100012092792"
"363100012093645"
"363100012093645"
"363100012093804"
"363100012093804"
"363100012094470"
"363100012094537"
"363100012094537"
"363100012097225"
"363100012097225"
"363100012097819"
"363100012097819"
"363100012097934"
"363100012097934"
"363100012098130"
"363100012098317"
"363100012098506"
"363100012098506"
"363100012098572"
"363100012099005"
"363100012099005"
"363100012099715"
"363100012101745"
"363100012101779"
"363100012101779"
"363100012101975"
"363100012102077"
"363100012102077"
"363100012102843"
"363100012102843"
"363100012103324"
"363100012103324"
"363100012103692"
"363100012103692"
"363100012103692"
"363100012104464"
"363100012104464"
"363100012104697"
"363100012104697"
"363100012104697"
"363100012105397"
"363100012105397"
"363100012105775"
"363100012105775"
"363100012105775"
"363100012107646"
"363100012109435"
"363100012109499"
"363100012110282"
"363100012110282"
"363100012110536"
"363100012110536"
"363100012111084"
"363100012111338"
"363100012111338"
"363100012111342"
"363100012111342"
"363100012111492"
"363100012111492"
"363100012111492"
"363100012112696"
"363100012112696"
"363100012112696"
"363100012113308"
"363100012113308"
"363100012114151"
"363100012114366"
"363100012114366"
"363100012114570"
"363100012114570"
"363100012114766"
"363100012115491"
"363100012115491"
"363100012115747"
"363100012117502"
"363100012117502"
"363100012117529"
"363100012117529"
"363100012118248"
"363100012119723"
"363100012120168"
"363100012120168"
"363100012120168"
"363100012122826"
"363100012122826"
"363100012123035"
"363100012123371"
"363100012123371"
"363100012125228"
"363100012125604"
"363100012126543"
"363100012126543"
"363100012127048"
"363100012127218"
"363100012127770"
"363100012127872"
"363100012127872"
"363100012127872"
"363100012127887"
"363100012128902"
"363100012128968"
"363100012130179"
"363100012130600"
"363100012130600"
"363100012130792"
"363100012131310"
"363100012131559"
"363100012131570"
"363100012131673"
"363100012131997"
"363100012131997"
"363100012131997"
"363100012132419"
"363100012132578"
"363100012133091"
"363100012133352"
"363100012133352"
"363100012133578"
"363100012134302"
"363100012134302"
"363100012134340"
"363100012135431"
"363100012136266"
"363100012136509"
"363100012136509"
"363100012136919"
"363100012138055"
"363100012138055"
"363100012138055"
"363100012139478"
"363100012139478"
"363100012140701"
"363100012141373"
"363100012141459"
"363100012141472"
"363100012141472"
"363100012141472"
"363100012141510"
"363100012141510"
"363100012141543"
"363100012141543"
"363100012141586"
"363100012141586"
"363100012141954"
"363100012141954"
"363100012141954"
"363100012142015"
"363100012142015"
"363100012143312"
"363100012143312"
"363100012144271"
"363100012144271"
"363100012145578"
"363100012145578"
"363100012145973"
"363100012145973"
"363100012146201"
"363100012146571"
"363100012146968"
"363100012147272"
"363100012148294"
"363100012148294"
"363100012148432"
"363100012148546"
"363100012149423"
"363100012150067"
"363100012150067"
"363100012150975"
"363100012150975"
"363100012151069"
"363100012151069"
"363100012152174"
"363100012152174"
"363100012155126"
"363100012061890"
"363100012061890"
"363100012061890"
"363100012062480"
"363100012062634"
"363100012062634"
"363100012062634"
"363100012063887"
"363100012066901"
"363100012067611"
"363100012067611"
"363100012067611"
"363100012068905"
"363100012069897"
"363100012069897"
"363100012070439"
"363100012070439"
"363100012070439"
"363100012073542"
"363100012074333"
"363100012074333"
"363100012074333"
"363100012078809"
"363100012079174"
"363100012079192"
"363100012080767"
"363100012080767"
"363100012083266"
"363100012083267"
"363100012083267"
"363100012083267"
"363100012083832"
"363100012083832"
"363100012083832"
"363100012083999"
"363100012084189"
"363100012084586"
"363100012084586"
"363100012084586"
"363100012084721"
"363100012084882"
"363100012084882"
"363100012084882"
"363100012085110"
"363100012087034"
"363100012091859"
"363100012091859"
"363100012092280"
"363100012092634"
"363100012095078"
"363100012095078"
"363100012098286"
"363100012098884"
"363100012110357"
"363100012110357"
"363100012110981"
"363100012112633"
"363100012112636"
"363100012112636"
"363100012114442"
"363100012114442"
"363100012114442"
"363100012115438"
"363100012118154"
"363100012123123"
"363100012123123"
"363100012124778"
"363100012125267"
"363100012125267"
"363100012125267"
"363100012132601"
"363100012133246"
"363100012136823"
"363100012137929"
"363100012137929"
"363100012138181"
"363100012138181"
"363100012138845"
"363100012139309"
"363100012139309"
"363100012139371"
"363100012139371"
"363100012140379"
"363100012140379"
"363100012141721"
"363100012141721"
"363100012141721"
"363100012142574"
"363100012145499"
"363100012145499"
"363100012145499"
"363100012148067"
"363100012148067"
"363100012148069"
"363100012148069"
"363100012148253"
"363100012148253"
"363100012148253"
"363100012148322"
"363100012148962"
"363100012150599"
"363100012151274"
"363100012153946"
"363100012153946"
"363100012194064"
"363100012194064"
"363100012212278"
"363100012212278"
"363100012237535"
"363100012237535"
"363100012237535"
"363100012242132"
"363100012061550"
"363100012066734"
"363100012067558"
"363100012068809"
"363100012068809"
"363100012069668"
"363100012070181"
"363100012070181"
"363100012071687"
"363100012072245"
"363100012073628"
"363100012080670"
"363100012081145"
"363100012081145"
"363100012081145"
"363100012085613"
"363100012085613"
"363100012085623"
"363100012088863"
"363100012090500"
"363100012090500"
"363100012091131"
"363100012091131"
"363100012091131"
"363100012091200"
"363100012091200"
"363100012091341"
"363100012091341"
"363100012092739"
"363100012092739"
"363100012092739"
"363100012094247"
"363100012095392"
"363100012095392"
"363100012097120"
"363100012100768"
"363100012104101"
"363100012104101"
"363100012104101"
"363100012111306"
"363100012113155"
"363100012113744"
"363100012119086"
"363100012119086"
"363100012119086"
"363100012119181"
"363100012119517"
"363100012119517"
"363100012119857"
"363100012121792"
"363100012121792"
"363100012121792"
"363100012123412"
"363100012124786"
"363100012124830"
"363100012125210"
"363100012126590"
"363100012127513"
"363100012128086"
"363100012130250"
"363100012130365"
"363100012132303"
"363100012132303"
"363100012132303"
"363100012132523"
"363100012132548"
"363100012132548"
"363100012132880"
"363100012134843"
"363100012134843"
"363100012137290"
"363100012137290"
"363100012142822"
"363100012144335"
"363100012144335"
"363100012144855"
"363100012144855"
"363100012144855"
"363100012146101"
"363100012146101"
"363100012146998"
"363100012146998"
"363100012148633"
"363100012148633"
"363100012148633"
"363100012151541"
"363100012194921"
"363100012194921"
"363100012194921"
"363100012061751"
"363100012061751"
"363100012062571"
"363100012062571"
"363100012063389"
"363100012063389"
"363100012063626"
"363100012064062"
"363100012065375"
"363100012065375"
"363100012065463"
"363100012065841"
"363100012066102"
"363100012066252"
"363100012066252"
"363100012066544"
"363100012067381"
"363100012067383"
"363100012068896"
"363100012069009"
"363100012069431"
"363100012069431"
"363100012070231"
"363100012070315"
"363100012070315"
"363100012070669"
"363100012071121"
"363100012071121"
"363100012071892"
"363100012071892"
"363100012072622"
"363100012073770"
"363100012075330"
"363100012075386"
"363100012075386"
"363100012075386"
"363100012075405"
"363100012075720"
"363100012075720"
"363100012075720"
"363100012075843"
"363100012076401"
"363100012076544"
"363100012076544"
"363100012076544"
"363100012076753"
"363100012077369"
"363100012077369"
"363100012077732"
"363100012078736"
"363100012078736"
"363100012078736"
"363100012080704"
"363100012080704"
"363100012082009"
"363100012082873"
"363100012083060"
"363100012083060"
"363100012083060"
"363100012083610"
"363100012083625"
"363100012083625"
"363100012083625"
"363100012083807"
"363100012083807"
"363100012086941"
"363100012087059"
"363100012087059"
"363100012087490"
"363100012087490"
"363100012088968"
"363100012088968"
"363100012088968"
"363100012089521"
"363100012089521"
"363100012091778"
"363100012092765"
"363100012093776"
"363100012093776"
"363100012094034"
"363100012094677"
"363100012095913"
"363100012096447"
"363100012097622"
"363100012099981"
"363100012099981"
"363100012100128"
"363100012101266"
"363100012101266"
"363100012101699"
"363100012101699"
"363100012101699"
"363100012103543"
"363100012104475"
"363100012105047"
"363100012105047"
"363100012105270"
"363100012106073"
"363100012106073"
"363100012106073"
"363100012106702"
"363100012106702"
"363100012106884"
"363100012106884"
"363100012107213"
"363100012107218"
"363100012107218"
"363100012107346"
"363100012107346"
"363100012107656"
"363100012109874"
"363100012110116"
"363100012110116"
"363100012110545"
"363100012112195"
"363100012112581"
"363100012112581"
"363100012112581"
"363100012113140"
"363100012113140"
"363100012113545"
"363100012113545"
"363100012113825"
"363100012113825"
"363100012113881"
"363100012113881"
"363100012114284"
"363100012116652"
"363100012116652"
"363100012116836"
"363100012117841"
"363100012117841"
"363100012120874"
"363100012121591"
"363100012121979"
"363100012121983"
"363100012121983"
"363100012121983"
"363100012125010"
"363100012125152"
"363100012125940"
"363100012125940"
"363100012125940"
"363100012126606"
"363100012126989"
"363100012126989"
"363100012128434"
"363100012129390"
"363100012129390"
"363100012129390"
"363100012129736"
"363100012129792"
"363100012130972"
"363100012130972"
"363100012131442"
"363100012131442"
"363100012131809"
"363100012131809"
"363100012133175"
"363100012133864"
"363100012134287"
"363100012135095"
"363100012136488"
"363100012136488"
"363100012136720"
"363100012136720"
"363100012138248"
"363100012139073"
"363100012139073"
"363100012139550"
"363100012139701"
"363100012139701"
"363100012141367"
"363100012142323"
"363100012144634"
"363100012145273"
"363100012145273"
"363100012145474"
"363100012146219"
"363100012146671"
"363100012147314"
"363100012148152"
"363100012148694"
"363100012148694"
"363100012148979"
"363100012148979"
"363100012148979"
"363100012149795"
"363100012150136"
"363100012151695"
"363100012151695"
"363100012151985"
"363100012153893"
"363100012153893"
"363100012110741"
"363100012110741"
"363100012110741"
"363100012071303"
"363100012071303"
"363100012080373"
"363100012080373"
"363100012080373"
"363100012082889"
"363100012082889"
"363100012085649"
"363100012085649"
"363100012091717"
"363100012091717"
"363100012095007"
"363100012095007"
"363100012095007"
"363100012103675"
"363100012103675"
"363100012104106"
"363100012108846"
"363100012108846"
"363100012108846"
"363100012113085"
"363100012123593"
"363100012123593"
"363100012126375"
"363100012126375"
"363100012131526"
"363100012131526"
"363100012131646"
"363100012131646"
"363100012131646"
"363100012135373"
"363100012135373"
"363100012135373"
"363100012135997"
"363100012139292"
"363100012139292"
"363100012149594"
"363100012149594"
"363100012149594"
"363100012062864"
"363100012062864"
"363100012071738"
"363100012071738"
"363100012071738"
"363100012073701"
"363100012073701"
"363100012073701"
"363100012092174"
"363100012094965"
"363100012106715"
"363100012106715"
"363100012113852"
"363100012113852"
"363100012117781"
"363100012157503"
"363100012158698"
"363100012158698"
"363100012158698"
"363100012160040"
"363100012160153"
"363100012160153"
"363100012160153"
"363100012161434"
"363100012161434"
"363100012161851"
"363100012161855"
"363100012164918"
"363100012164918"
"363100012164918"
"363100012165603"
"363100012165603"
"363100012166188"
"363100012166877"
"363100012167052"
"363100012167152"
"363100012167152"
"363100012063683"
"363100012065404"
"363100012065404"
"363100012069567"
"363100012069940"
"363100012069940"
"363100012069940"
"363100012070282"
"363100012071935"
"363100012073299"
"363100012075429"
"363100012075861"
"363100012079329"
"363100012079329"
"363100012081572"
"363100012084681"
"363100012084681"
"363100012087290"
"363100012087290"
"363100012087290"
"363100012091039"
"363100012091039"
"363100012091039"
"363100012092382"
"363100012092382"
"363100012092382"
"363100012093365"
"363100012093365"
"363100012093365"
"363100012093845"
"363100012093927"
"363100012094560"
"363100012095598"
"363100012095598"
"363100012095598"
"363100012096643"
"363100012096643"
"363100012098891"
"363100012100477"
"363100012101633"
"363100012101633"
"363100012101633"
"363100012102884"
"363100012102884"
"363100012102884"
"363100012103110"
"363100012104632"
"363100012105742"
"363100012106593"
"363100012108788"
"363100012108788"
"363100012108788"
"363100012109565"
"363100012109565"
"363100012111824"
"363100012112079"
"363100012114978"
"363100012114978"
"363100012115769"
"363100012120108"
"363100012122271"
"363100012123283"
"363100012123283"
"363100012125455"
"363100012125455"
"363100012125455"
"363100012128511"
"363100012128511"
"363100012129430"
"363100012129430"
"363100012129993"
"363100012132981"
"363100012132981"
"363100012134313"
"363100012135012"
"363100012135012"
"363100012135162"
"363100012135494"
"363100012136783"
"363100012136783"
"363100012137399"
"363100012139116"
"363100012141512"
"363100012143297"
"363100012145371"
"363100012145371"
"363100012148602"
"363100012150799"
"363100012160410"
"363100012166259"
"363100012166259"
"363100012061283"
"363100012061540"
"363100012061540"
"363100012065121"
"363100012067263"
"363100012068148"
"363100012068722"
"363100012068722"
"363100012069164"
"363100012069569"
"363100012069710"
"363100012071064"
"363100012072018"
"363100012072354"
"363100012073455"
"363100012073455"
"363100012074034"
"363100012074821"
"363100012076350"
"363100012076588"
"363100012076588"
"363100012077384"
"363100012078547"
"363100012081553"
"363100012081553"
"363100012081553"
"363100012082548"
"363100012083313"
"363100012084652"
"363100012086947"
"363100012087073"
"363100012087929"
"363100012088062"
"363100012090398"
"363100012090799"
"363100012090799"
"363100012092687"
"363100012094371"
"363100012094905"
"363100012095238"
"363100012095238"
"363100012095238"
"363100012096548"
"363100012097176"
"363100012097176"
"363100012097266"
"363100012097267"
"363100012097267"
"363100012097756"
"363100012097756"
"363100012099362"
"363100012100012"
"363100012102143"
"363100012102143"
"363100012104215"
"363100012104215"
"363100012104215"
"363100012105224"
"363100012105935"
"363100012106497"
"363100012106497"
"363100012107532"
"363100012107532"
"363100012107558"
"363100012107644"
"363100012109267"
"363100012109267"
"363100012109267"
"363100012110174"
"363100012110174"
"363100012110174"
"363100012112497"
"363100012112845"
"363100012114092"
"363100012116241"
"363100012117983"
"363100012118043"
"363100012118043"
"363100012118508"
"363100012119650"
"363100012121191"
"363100012122809"
"363100012123217"
"363100012123217"
"363100012123217"
"363100012123318"
"363100012123793"
"363100012123793"
"363100012123940"
"363100012123940"
"363100012124067"
"363100012124213"
"363100012124213"
"363100012124213"
"363100012124351"
"363100012124351"
"363100012125797"
"363100012125797"
"363100012126565"
"363100012127246"
"363100012127570"
"363100012127570"
"363100012127570"
"363100012127762"
"363100012127762"
"363100012128767"
"363100012128767"
"363100012128903"
"363100012129301"
"363100012129301"
"363100012129301"
"363100012132414"
"363100012133167"
"363100012133663"
"363100012133663"
"363100012133757"
"363100012134462"
"363100012134462"
"363100012134462"
"363100012134734"
"363100012134971"
"363100012134971"
"363100012134971"
"363100012137496"
"363100012137496"
"363100012137933"
"363100012138360"
"363100012138360"
"363100012138360"
"363100012138987"
"363100012139680"
"363100012140941"
"363100012140941"
"363100012142054"
"363100012144386"
"363100012145506"
"363100012145506"
"363100012146195"
"363100012148571"
"363100012148571"
"363100012149050"
"363100012149126"
"363100012149139"
"363100012149139"
"363100012149139"
"363100012149359"
"363100012151499"
"363100012151529"
"363100012154886"
"363100012154944"
"363100012154990"
"363100012215910"
"363100012215910"
"363100012215910"
"363100012065140"
"363100012065140"
"363100012065140"
"363100012079770"
"363100012079770"
"363100012079770"
"363100012098440"
"363100012098440"
"363100012098440"
"363100012110713"
"363100012110713"
"363100012110713"
"363100012137121"
"363100012137121"
"363100012183188"
"363100012183188"
"363100012183188"
"363100012069563"
"363100012069563"
"363100012078070"
"363100012092727"
"363100012092727"
"363100012092727"
"363100012095278"
"363100012095278"
"363100012095278"
"363100012096320"
"363100012096320"
"363100012096320"
"363100012126563"
"363100012126563"
"363100012126563"
"363100012135999"
"363100012135999"
"363100012135999"
"363100012136586"
"363100012149507"
"363100012149507"
"363100012149507"
"363100012063596"
"363100012066299"
"363100012066299"
"363100012066299"
"363100012066618"
"363100012066618"
"363100012066618"
"363100012070832"
"363100012071046"
"363100012071046"
"363100012073732"
"363100012076347"
"363100012077120"
"363100012082292"
"363100012082292"
"363100012082292"
"363100012082579"
"363100012082579"
"363100012083931"
"363100012083931"
"363100012083931"
"363100012084316"
"363100012085145"
"363100012086334"
"363100012087166"
"363100012087166"
"363100012088907"
"363100012089404"
"363100012090139"
"363100012090139"
"363100012091223"
"363100012091223"
"363100012092471"
"363100012092471"
"363100012092735"
"363100012092735"
"363100012093406"
"363100012093918"
"363100012093918"
"363100012093918"
"363100012094167"
"363100012094167"
"363100012094360"
"363100012094360"
"363100012094360"
"363100012096018"
"363100012096018"
"363100012096018"
"363100012097954"
"363100012099538"
"363100012099990"
"363100012099990"
"363100012099990"
"363100012100449"
"363100012100449"
"363100012100449"
"363100012101119"
"363100012101119"
"363100012101673"
"363100012101721"
"363100012102442"
"363100012102773"
"363100012102773"
"363100012102773"
"363100012103794"
"363100012106983"
"363100012112861"
"363100012112861"
"363100012112861"
"363100012119068"
"363100012119068"
"363100012119068"
"363100012120209"
"363100012120209"
"363100012126878"
"363100012126878"
"363100012126878"
"363100012127215"
"363100012127643"
"363100012129107"
"363100012129107"
"363100012131004"
"363100012131705"
"363100012132259"
"363100012132259"
"363100012132259"
"363100012132986"
"363100012133772"
"363100012134071"
"363100012134518"
"363100012136819"
"363100012136819"
"363100012136819"
"363100012137188"
"363100012137188"
"363100012137188"
"363100012137494"
"363100012137494"
"363100012137494"
"363100012138060"
"363100012138060"
"363100012140159"
"363100012140159"
"363100012140159"
"363100012142035"
"363100012142035"
"363100012142035"
"363100012143818"
"363100012143818"
"363100012143818"
"363100012146528"
"363100012146528"
"363100012150838"
"363100012150838"
"363100012154709"
"363100012155144"
"363100012157549"
"363100012157549"
"363100012157549"
"363100012159897"
"363100012159897"
"363100012159897"
"363100012165650"
"363100012184835"
"363100012238498"
"363100012240346"
"363100012240346"
"363100012240346"
"363100012242987"
"363100012242987"
"363100012244734"
"363100012244734"
"363100012088814"
"363100012088814"
"363100012088814"
"363100012093019"
"363100012093019"
"363100012093019"
"363100012233536"
"363100012233536"
"363100012233536"
"363100012236787"
"363100012236787"
"363100012236787"
"363100012236812"
"363100012236812"
"363100012236812"
"363100012063669"
"363100012063824"
"363100012063824"
"363100012063837"
"363100012066833"
"363100012066833"
"363100012067173"
"363100012070367"
"363100012070572"
"363100012070680"
"363100012072263"
"363100012072263"
"363100012072263"
"363100012074610"
"363100012074616"
"363100012074616"
"363100012075604"
"363100012078358"
"363100012078529"
"363100012079315"
"363100012079315"
"363100012079315"
"363100012079587"
"363100012079587"
"363100012079587"
"363100012080294"
"363100012081090"
"363100012081090"
"363100012081090"
"363100012083171"
"363100012083171"
"363100012083171"
"363100012084056"
"363100012084056"
"363100012084056"
"363100012085325"
"363100012085325"
"363100012085325"
"363100012085924"
"363100012090291"
"363100012090291"
"363100012092030"
"363100012092030"
"363100012092030"
"363100012092363"
"363100012092363"
"363100012092363"
"363100012093981"
"363100012093981"
"363100012093981"
"363100012094009"
"363100012094826"
"363100012094845"
"363100012094845"
"363100012096304"
"363100012096304"
"363100012097246"
"363100012097246"
"363100012099074"
"363100012099074"
"363100012099074"
"363100012099353"
"363100012099353"
"363100012099353"
"363100012100648"
"363100012100648"
"363100012103182"
"363100012103712"
"363100012103712"
"363100012104302"
"363100012105581"
"363100012105581"
"363100012108461"
"363100012109193"
"363100012109193"
"363100012109914"
"363100012111832"
"363100012112026"
"363100012112026"
"363100012112026"
"363100012113032"
"363100012113042"
"363100012113451"
"363100012113451"
"363100012113750"
"363100012113813"
"363100012114201"
"363100012114201"
"363100012114201"
"363100012114806"
"363100012114943"
"363100012114943"
"363100012115476"
"363100012115476"
"363100012117691"
"363100012117691"
"363100012117691"
"363100012118130"
"363100012120228"
"363100012120228"
"363100012120228"
"363100012120590"
"363100012120590"
"363100012120877"
"363100012120877"
"363100012120877"
"363100012120975"
"363100012121140"
"363100012121140"
"363100012121140"
"363100012123355"
"363100012123945"
"363100012123945"
"363100012123945"
"363100012124092"
"363100012124092"
"363100012124092"
"363100012127028"
"363100012128388"
"363100012128388"
"363100012130036"
"363100012131979"
"363100012132208"
"363100012133087"
"363100012133087"
"363100012133087"
"363100012133385"
"363100012133385"
"363100012133652"
"363100012134168"
"363100012134721"
"363100012134925"
"363100012134925"
"363100012134925"
"363100012135952"
"363100012136807"
"363100012136807"
"363100012136807"
"363100012138342"
"363100012138342"
"363100012138724"
"363100012139724"
"363100012141857"
"363100012142229"
"363100012142229"
"363100012142229"
"363100012143738"
"363100012144460"
"363100012144460"
"363100012144460"
"363100012144533"
"363100012144533"
"363100012144865"
"363100012144865"
"363100012145544"
"363100012150396"
"363100012151151"
"363100012151151"
"363100012151151"
"363100012152063"
"363100012152063"
"363100012152063"
"363100012154261"
"363100012154340"
"363100012154340"
"363100012154697"
"363100012154697"
"363100012155348"
"363100012155348"
"363100012155733"
"363100012156621"
"363100012156792"
"363100012157028"
"363100012157028"
"363100012157028"
"363100012157065"
"363100012157065"
"363100012157065"
"363100012157260"
"363100012157260"
"363100012157260"
"363100012159637"
"363100012159637"
"363100012159637"
"363100012159844"
"363100012159844"
"363100012233438"
"363100012233438"
"363100012233438"
"363100012233451"
"363100012233529"
"363100012233577"
"363100012233577"
"363100012233577"
"363100012233637"
"363100012233637"
"363100012233637"
"363100012233642"
"363100012233642"
"363100012233642"
"363100012233671"
"363100012233671"
"363100012233671"
"363100012236286"
"363100012236286"
"363100012236286"
"363100012236317"
"363100012236317"
"363100012236317"
"363100012236519"
"363100012236519"
"363100012236758"
"363100012236758"
"363100012236758"
"363100012236884"
"363100012236944"
"363100012236944"
"363100012236944"
"363100012237046"
"363100012237046"
"363100012237046"
"363100012237195"
"363100012237199"
"363100012237199"
"363100012237199"
"363100012237256"
"363100012237256"
"363100012066649"
"363100012066649"
"363100012068567"
"363100012068567"
"363100012068567"
"363100012069883"
"363100012070794"
"363100012074268"
"363100012074268"
"363100012075793"
"363100012077396"
"363100012077396"
"363100012077396"
"363100012078232"
"363100012078232"
"363100012079920"
"363100012079920"
"363100012079920"
"363100012085662"
"363100012085662"
"363100012085662"
"363100012102054"
"363100012102054"
"363100012102054"
"363100012103648"
"363100012103648"
"363100012107035"
"363100012110405"
"363100012115164"
"363100012115164"
"363100012115973"
"363100012131597"
"363100012131597"
"363100012147513"
"363100012149419"
"363100012149419"
"363100012149419"
"363100012151941"
"363100012152331"
"363100012152412"
"363100012152493"
"363100012152683"
"363100012152683"
"363100012152683"
"363100012153042"
"363100012153042"
"363100012153042"
"363100012153230"
"363100012153621"
"363100012153621"
"363100012153621"
"363100012153886"
"363100012153886"
"363100012155553"
"363100012155553"
"363100012155983"
"363100012155983"
"363100012155983"
"363100012156258"
"363100012156258"
"363100012156258"
"363100012156535"
"363100012156535"
"363100012156535"
"363100012156660"
"363100012159352"
"363100012160360"
"363100012160360"
"363100012160418"
"363100012161007"
"363100012161038"
"363100012161038"
"363100012161038"
"363100012162872"
"363100012162872"
"363100012162872"
"363100012163954"
"363100012164257"
"363100012164257"
"363100012164474"
"363100012165871"
"363100012165871"
"363100012165871"
"363100012166131"
"363100012166131"
"363100012166384"
"363100012166384"
"363100012233440"
"363100012236232"
"363100012236232"
"363100012236500"
"363100012236500"
"363100012236638"
"363100012236638"
"363100012237326"
"363100012237326"
"363100012237326"
"363100012241618"
"363100012241618"
"363100012072116"
"363100012072116"
"363100012073293"
"363100012073293"
"363100012074908"
"363100012078650"
"363100012078650"
"363100012078650"
"363100012084411"
"363100012084411"
"363100012088169"
"363100012088169"
"363100012088619"
"363100012088619"
"363100012088619"
"363100012090956"
"363100012090956"
"363100012109934"
"363100012122938"
"363100012122938"
"363100012122938"
"363100012125480"
"363100012125480"
"363100012131514"
"363100012135596"
"363100012141867"
"363100012141867"
"363100012145619"
"363100012145619"
"363100012145693"
"363100012145693"
"363100012145883"
"363100012145883"
"363100012145883"
"363100012146221"
"363100012150265"
"363100012150265"
"363100012150265"
"363100012152715"
"363100012152774"
"363100012152774"
"363100012153111"
"363100012153364"
"363100012153396"
"363100012153396"
"363100012153647"
"363100012153647"
"363100012153647"
"363100012153806"
"363100012153806"
"363100012153806"
"363100012154215"
"363100012154215"
"363100012154379"
"363100012154379"
"363100012155374"
"363100012155374"
"363100012155374"
"363100012155748"
"363100012156363"
"363100012156363"
"363100012156628"
"363100012156696"
"363100012156696"
"363100012156696"
"363100012157101"
"363100012157101"
"363100012157181"
"363100012157181"
"363100012157721"
"363100012158385"
"363100012158385"
"363100012158394"
"363100012158724"
"363100012158802"
"363100012158802"
"363100012158802"
"363100012159919"
"363100012160243"
"363100012160243"
"363100012160392"
"363100012160392"
"363100012160752"
"363100012160779"
"363100012160779"
"363100012160779"
"363100012160927"
"363100012160927"
"363100012160974"
"363100012160997"
"363100012160997"
"363100012161172"
"363100012161210"
"363100012161210"
"363100012161210"
"363100012161222"
"363100012161222"
"363100012161222"
"363100012161332"
"363100012161332"
"363100012161332"
"363100012161940"
"363100012162112"
"363100012162112"
"363100012162575"
"363100012162575"
"363100012162934"
"363100012162934"
"363100012162934"
"363100012163555"
"363100012163555"
"363100012163762"
"363100012163762"
"363100012163762"
"363100012163883"
"363100012164158"
"363100012164540"
"363100012165339"
"363100012165346"
"363100012165669"
"363100012165669"
"363100012165922"
"363100012165998"
"363100012166047"
"363100012166253"
"363100012185906"
"363100012185906"
"363100012185906"
"363100012235940"
"363100012236385"
"363100012236405"
"363100012237136"
"363100012061354"
"363100012061354"
"363100012061354"
"363100012072072"
"363100012072072"
"363100012079242"
"363100012079242"
"363100012079242"
"363100012086270"
"363100012086270"
"363100012086270"
"363100012091055"
"363100012091055"
"363100012091055"
"363100012105604"
"363100012105604"
"363100012105604"
"363100012122051"
"363100012122051"
"363100012122051"
"363100012134031"
"363100012138215"
"363100012138215"
"363100012138215"
"363100012152280"
"363100012152280"
"363100012152346"
"363100012152346"
"363100012152346"
"363100012152381"
"363100012152381"
"363100012152381"
"363100012152419"
"363100012152419"
"363100012152419"
"363100012152420"
"363100012152420"
"363100012152420"
"363100012152495"
"363100012152495"
"363100012152596"
"363100012152596"
"363100012152596"
"363100012152638"
"363100012152638"
"363100012152638"
"363100012152719"
"363100012152719"
"363100012152796"
"363100012152796"
"363100012152796"
"363100012152809"
"363100012152836"
"363100012152836"
"363100012152836"
"363100012153043"
"363100012153043"
"363100012153043"
"363100012153208"
"363100012153208"
"363100012153208"
"363100012153222"
"363100012153222"
"363100012153392"
"363100012153392"
"363100012153392"
"363100012153460"
"363100012153460"
"363100012153611"
"363100012153611"
"363100012153611"
"363100012153721"
"363100012154383"
"363100012154383"
"363100012154383"
"363100012155415"
"363100012155497"
"363100012155497"
"363100012155497"
"363100012155607"
"363100012155607"
"363100012155607"
"363100012155818"
"363100012155818"
"363100012155818"
"363100012155864"
"363100012155864"
"363100012155892"
"363100012155894"
"363100012155965"
"363100012155965"
"363100012155965"
"363100012156165"
"363100012156165"
"363100012156224"
"363100012156224"
"363100012156247"
"363100012156283"
"363100012156304"
"363100012156304"
"363100012156304"
"363100012156329"
"363100012156329"
"363100012156329"
"363100012156383"
"363100012156383"
"363100012156383"
"363100012156384"
"363100012156384"
"363100012156384"
"363100012156448"
"363100012156448"
"363100012156448"
"363100012156507"
"363100012156507"
"363100012156558"
"363100012156558"
"363100012156624"
"363100012156624"
"363100012156624"
"363100012156648"
"363100012156648"
"363100012156740"
"363100012156740"
"363100012156740"
"363100012156847"
"363100012156847"
"363100012156890"
"363100012156890"
"363100012156951"
"363100012156951"
"363100012156951"
"363100012157085"
"363100012157085"
"363100012157085"
"363100012157241"
"363100012157241"
"363100012157254"
"363100012157277"
"363100012157277"
"363100012157277"
"363100012157377"
"363100012157377"
"363100012157377"
"363100012157378"
"363100012157378"
"363100012157378"
"363100012157380"
"363100012157380"
"363100012157380"
"363100012157431"
"363100012157431"
"363100012157431"
"363100012157438"
"363100012157438"
"363100012157438"
"363100012157553"
"363100012157553"
"363100012157624"
"363100012157624"
"363100012157624"
"363100012157701"
"363100012157701"
"363100012157788"
"363100012157788"
"363100012157788"
"363100012158014"
"363100012158014"
"363100012158017"
"363100012158032"
"363100012158032"
"363100012158032"
"363100012158238"
"363100012158336"
"363100012158336"
"363100012158336"
"363100012158337"
"363100012158337"
"363100012158337"
"363100012158360"
"363100012158360"
"363100012158360"
"363100012158520"
"363100012158601"
"363100012158601"
"363100012158617"
"363100012158617"
"363100012158617"
"363100012158629"
"363100012158629"
"363100012158629"
"363100012158640"
"363100012158640"
"363100012158640"
"363100012158647"
"363100012158647"
"363100012158647"
"363100012158707"
"363100012158707"
"363100012158707"
"363100012158822"
"363100012158943"
"363100012158943"
"363100012158943"
"363100012159009"
"363100012159009"
"363100012159009"
"363100012159121"
"363100012159121"
"363100012159121"
"363100012159292"
"363100012159292"
"363100012159292"
"363100012159371"
"363100012159371"
"363100012159371"
"363100012159479"
"363100012159514"
"363100012159514"
"363100012159629"
"363100012159629"
"363100012159730"
"363100012159730"
"363100012159730"
"363100012159785"
"363100012159796"
"363100012159796"
"363100012159796"
"363100012159899"
"363100012159899"
"363100012159938"
"363100012159938"
"363100012159938"
"363100012159946"
"363100012159946"
"363100012159946"
"363100012160014"
"363100012160014"
"363100012160014"
"363100012160039"
"363100012160039"
"363100012160039"
"363100012160266"
"363100012160277"
"363100012160277"
"363100012160277"
"363100012160336"
"363100012160336"
"363100012160437"
"363100012160437"
"363100012160437"
"363100012160453"
"363100012160453"
"363100012160547"
"363100012160547"
"363100012160548"
"363100012160548"
"363100012160727"
"363100012160727"
"363100012160760"
"363100012160760"
"363100012160760"
"363100012160790"
"363100012160790"
"363100012160790"
"363100012160817"
"363100012160817"
"363100012160817"
"363100012160875"
"363100012160875"
"363100012160875"
"363100012160917"
"363100012160917"
"363100012160917"
"363100012161081"
"363100012161081"
"363100012161081"
"363100012161215"
"363100012161215"
"363100012161353"
"363100012161353"
"363100012161353"
"363100012161393"
"363100012161430"
"363100012161430"
"363100012161430"
"363100012161550"
"363100012161550"
"363100012161550"
"363100012161567"
"363100012161567"
"363100012161757"
"363100012161793"
"363100012161802"
"363100012161802"
"363100012161854"
"363100012161854"
"363100012161854"
"363100012161859"
"363100012161859"
"363100012161859"
"363100012161888"
"363100012161888"
"363100012161888"
"363100012161920"
"363100012161920"
"363100012161920"
"363100012162023"
"363100012162023"
"363100012162080"
"363100012162230"
"363100012162438"
"363100012162438"
"363100012162514"
"363100012162514"
"363100012162514"
"363100012162727"
"363100012162727"
"363100012162727"
"363100012162815"
"363100012162837"
"363100012162837"
"363100012162838"
"363100012162838"
"363100012162838"
"363100012162839"
"363100012162839"
"363100012162839"
"363100012162906"
"363100012162906"
"363100012162906"
"363100012163199"
"363100012163199"
"363100012163294"
"363100012163294"
"363100012163334"
"363100012163402"
"363100012163402"
"363100012163402"
"363100012163471"
"363100012163471"
"363100012163471"
"363100012163593"
"363100012163593"
"363100012163593"
"363100012163721"
"363100012163754"
"363100012163754"
"363100012163884"
"363100012163884"
"363100012163884"
"363100012163894"
"363100012163894"
"363100012163894"
"363100012163914"
"363100012163914"
"363100012163914"
"363100012163917"
"363100012164217"
"363100012164217"
"363100012164442"
"363100012164442"
"363100012164442"
"363100012164458"
"363100012164458"
"363100012164458"
"363100012164489"
"363100012164489"
"363100012164489"
"363100012164531"
"363100012164563"
"363100012164563"
"363100012164563"
"363100012164575"
"363100012164575"
"363100012164612"
"363100012164612"
"363100012164612"
"363100012164625"
"363100012164625"
"363100012164625"
"363100012164709"
"363100012164709"
"363100012164709"
"363100012164761"
"363100012164761"
"363100012164761"
"363100012164814"
"363100012164814"
"363100012164814"
"363100012164856"
"363100012164856"
"363100012164856"
"363100012164901"
"363100012164901"
"363100012165181"
"363100012165181"
"363100012165181"
"363100012165333"
"363100012165333"
"363100012165333"
"363100012165368"
"363100012165368"
"363100012165368"
"363100012165479"
"363100012165479"
"363100012165504"
"363100012165504"
"363100012165527"
"363100012165742"
"363100012165742"
"363100012165742"
"363100012165797"
"363100012165797"
"363100012165801"
"363100012165801"
"363100012165923"
"363100012165923"
"363100012165923"
"363100012165957"
"363100012165957"
"363100012165957"
"363100012166023"
"363100012166023"
"363100012166023"
"363100012166025"
"363100012166025"
"363100012166025"
"363100012166072"
"363100012166072"
"363100012166072"
"363100012166111"
"363100012166111"
"363100012166111"
"363100012166148"
"363100012166148"
"363100012166148"
"363100012166316"
"363100012166341"
"363100012166341"
"363100012166341"
"363100012166436"
"363100012166436"
"363100012166436"
"363100012166445"
"363100012166445"
"363100012166459"
"363100012166459"
"363100012166553"
"363100012166553"
"363100012166553"
"363100012166597"
"363100012166597"
"363100012166741"
"363100012166741"
"363100012166741"
"363100012166742"
"363100012166742"
"363100012166742"
"363100012166880"
"363100012166942"
"363100012167018"
"363100012167018"
"363100012167018"
"363100012167023"
"363100012167023"
"363100012167023"
"363100012167035"
"363100012167035"
"363100012167035"
"363100012167087"
"363100012167087"
"363100012167087"
"363100012167141"
"363100012167141"
"363100012167277"
"363100012167277"
"363100012167277"
"363100012167372"
"363100012167375"
"363100012167375"
"363100012167375"
"363100012224622"
"363100012224622"
"363100012224622"
"363100012233618"
"363100012236000"
"363100012236000"
"363100012236000"
"363100012236083"
"363100012236083"
"363100012236083"
"363100012236179"
"363100012236179"
"363100012236179"
"363100012236205"
"363100012236205"
"363100012236205"
"363100012236252"
"363100012236252"
"363100012236252"
"363100012236842"
"363100012236842"
"363100012236842"
"363100012236862"
"363100012236862"
"363100012236923"
"363100012236923"
"363100012236923"
"363100012237031"
"363100012237031"
"363100012237084"
"363100012237276"
"363100012237276"
"363100012237276"
"363100012237277"
"363100012237358"
"363100012237358"
"363100012237358"
"363100012238693"
"363100012238693"
"363100012238693"
"363100012067476"
"363100012067476"
"363100012067476"
"363100012149871"
"363100012153152"
"363100012153327"
"363100012153327"
"363100012153327"
"363100012156070"
"363100012156070"
"363100012158496"
"363100012158496"
"363100012158496"
"363100012158926"
"363100012158964"
"363100012158964"
"363100012158964"
"363100012159248"
"363100012159248"
"363100012159248"
"363100012162086"
"363100012162086"
"363100012162086"
"363100012164689"
"363100012164689"
"363100012164689"
"363100012236767"
"363100012236767"
"363100012236767"
"363100012236997"
"363100012236997"
"363100012236997"
"363100012062642"
"363100012062950"
"363100012065391"
"363100012076772"
"363100012080402"
"363100012081256"
"363100012082443"
"363100012087539"
"363100012087539"
"363100012089290"
"363100012099051"
"363100012099051"
"363100012104735"
"363100012104735"
"363100012107983"
"363100012107983"
"363100012109991"
"363100012109991"
"363100012116695"
"363100012121844"
"363100012124004"
"363100012124004"
"363100012128744"
"363100012130409"
"363100012130409"
"363100012130409"
"363100012137799"
"363100012137799"
"363100012143578"
"363100012147914"
"363100012148124"
"363100012148124"
"363100012163079"
"363100012163079"
"363100012163079"
"363100012061973"
"363100012061973"
"363100012061973"
"363100012062695"
"363100012062695"
"363100012062695"
"363100012064499"
"363100012064499"
"363100012064499"
"363100012068316"
"363100012069265"
"363100012070016"
"363100012070016"
"363100012070113"
"363100012070983"
"363100012070983"
"363100012070983"
"363100012072242"
"363100012074356"
"363100012074356"
"363100012074764"
"363100012074764"
"363100012076223"
"363100012076223"
"363100012080567"
"363100012084083"
"363100012084083"
"363100012084083"
"363100012084107"
"363100012087621"
"363100012087621"
"363100012088938"
"363100012089336"
"363100012092898"
"363100012092898"
"363100012092898"
"363100012093195"
"363100012093195"
"363100012093195"
"363100012093922"
"363100012094579"
"363100012094579"
"363100012094723"
"363100012095700"
"363100012097421"
"363100012099941"
"363100012099941"
"363100012099941"
"363100012100458"
"363100012100458"
"363100012103677"
"363100012103677"
"363100012104107"
"363100012104107"
"363100012104699"
"363100012105143"
"363100012105143"
"363100012107573"
"363100012107833"
"363100012107833"
"363100012108140"
"363100012108140"
"363100012108257"
"363100012108325"
"363100012108325"
"363100012110548"
"363100012113088"
"363100012113088"
"363100012113673"
"363100012113673"
"363100012114805"
"363100012117106"
"363100012117106"
"363100012117106"
"363100012117445"
"363100012117445"
"363100012117445"
"363100012117705"
"363100012119038"
"363100012119540"
"363100012119570"
"363100012119570"
"363100012121842"
"363100012121842"
"363100012125530"
"363100012125530"
"363100012125626"
"363100012125626"
"363100012126703"
"363100012127391"
"363100012131154"
"363100012131154"
"363100012131336"
"363100012132079"
"363100012132079"
"363100012133546"
"363100012136572"
"363100012136722"
"363100012136722"
"363100012136722"
"363100012141868"
"363100012141868"
"363100012144003"
"363100012144003"
"363100012218602"
"363100012218602"
"363100012062191"
"363100012080809"
"363100012094700"
"363100012094700"
"363100012094700"
"363100012144233"
"363100012242926"
"363100012242926"
"363100012242926"
"363100012062374"
"363100012078878"
"363100012083255"
"363100012083255"
"363100012087748"
"363100012087748"
"363100012087748"
"363100012091344"
"363100012091344"
"363100012091344"
"363100012128051"
"363100012128051"
"363100012128051"
"363100012151881"
"363100012151881"
"363100012151881"
"363100012199118"
"363100012199118"
"363100012199118"
"363100012066084"
"363100012066084"
"363100012066084"
"363100012074841"
"363100012074841"
"363100012099796"
"363100012099796"
"363100012099796"
"363100012101242"
"363100012101242"
"363100012102026"
"363100012102026"
"363100012122894"
"363100012122894"
"363100012125958"
"363100012125958"
"363100012125958"
"363100012129718"
"363100012129718"
"363100012130190"
"363100012154695"
"363100012154695"
"363100012154695"
"363100012074942"
"363100012074942"
"363100012093907"
"363100012093907"
"363100012093907"
"363100012094788"
"363100012094788"
"363100012094788"
"363100012109390"
"363100012109390"
"363100012109390"
"363100012127783"
"363100012127783"
"363100012142552"
"363100012149261"
"363100012149261"
"363100012149261"
"363100012061329"
"363100012061404"
"363100012061439"
"363100012061439"
"363100012061439"
"363100012061858"
"363100012061858"
"363100012061858"
"363100012063849"
"363100012066915"
"363100012067092"
"363100012068397"
"363100012068397"
"363100012068874"
"363100012070499"
"363100012072861"
"363100012074162"
"363100012075589"
"363100012075589"
"363100012075589"
"363100012075676"
"363100012076095"
"363100012076095"
"363100012076388"
"363100012076388"
"363100012076785"
"363100012076892"
"363100012076892"
"363100012078696"
"363100012078696"
"363100012078696"
"363100012079933"
"363100012084139"
"363100012084139"
"363100012084139"
"363100012085179"
"363100012085179"
"363100012086175"
"363100012086176"
"363100012086176"
"363100012086385"
"363100012086687"
"363100012087526"
"363100012087526"
"363100012087526"
"363100012087527"
"363100012087593"
"363100012087593"
"363100012087593"
"363100012088348"
"363100012088348"
"363100012088348"
"363100012088491"
"363100012089808"
"363100012089808"
"363100012090554"
"363100012090554"
"363100012091088"
"363100012091350"
"363100012091350"
"363100012091350"
"363100012092155"
"363100012093868"
"363100012093868"
"363100012095100"
"363100012095100"
"363100012098104"
"363100012101036"
"363100012101049"
"363100012101962"
"363100012102960"
"363100012102960"
"363100012103724"
"363100012104061"
"363100012104061"
"363100012105263"
"363100012105888"
"363100012105888"
"363100012105888"
"363100012107903"
"363100012108668"
"363100012109217"
"363100012109217"
"363100012109217"
"363100012109706"
"363100012110123"
"363100012110225"
"363100012110225"
"363100012110225"
"363100012110639"
"363100012110639"
"363100012110639"
"363100012110886"
"363100012110886"
"363100012111607"
"363100012112070"
"363100012112070"
"363100012112070"
"363100012113569"
"363100012113569"
"363100012114463"
"363100012114463"
"363100012114463"
"363100012114625"
"363100012115042"
"363100012115948"
"363100012116462"
"363100012116949"
"363100012116949"
"363100012117276"
"363100012117276"
"363100012117276"
"363100012117954"
"363100012118327"
"363100012118333"
"363100012118333"
"363100012119480"
"363100012119480"
"363100012119752"
"363100012120695"
"363100012120695"
"363100012120695"
"363100012121330"
"363100012122770"
"363100012122770"
"363100012123054"
"363100012124300"
"363100012124300"
"363100012124964"
"363100012124964"
"363100012124964"
"363100012125907"
"363100012125907"
"363100012125907"
"363100012126854"
"363100012127805"
"363100012127805"
"363100012127875"
"363100012127875"
"363100012127875"
"363100012128658"
"363100012129166"
"363100012129725"
"363100012130429"
"363100012131543"
"363100012131543"
"363100012131543"
"363100012132123"
"363100012133105"
"363100012134505"
"363100012134505"
"363100012134930"
"363100012134941"
"363100012134985"
"363100012135211"
"363100012136462"
"363100012136657"
"363100012136657"
"363100012136842"
"363100012136842"
"363100012136842"
"363100012137383"
"363100012143135"
"363100012143135"
"363100012143575"
"363100012143697"
"363100012143697"
"363100012143697"
"363100012144814"
"363100012144814"
"363100012144814"
"363100012146502"
"363100012146502"
"363100012147160"
"363100012148121"
"363100012148621"
"363100012148621"
"363100012148964"
"363100012148964"
"363100012149165"
"363100012149739"
"363100012149988"
"363100012149988"
"363100012149988"
"363100012150861"
"363100012150861"
"363100012151271"
"363100012151271"
"363100012151296"
"363100012151296"
"363100012151469"
"363100012151469"
"363100012151559"
"363100012151559"
"363100012151878"
"363100012151878"
"363100012155032"
"363100012062098"
"363100012062098"
"363100012062818"
"363100012063516"
"363100012064085"
"363100012064085"
"363100012064085"
"363100012064518"
"363100012065165"
"363100012065165"
"363100012065437"
"363100012066308"
"363100012066308"
"363100012067137"
"363100012068530"
"363100012068533"
"363100012069615"
"363100012070947"
"363100012070947"
"363100012071368"
"363100012071368"
"363100012071505"
"363100012073846"
"363100012073956"
"363100012074318"
"363100012074318"
"363100012074318"
"363100012074321"
"363100012074892"
"363100012075392"
"363100012075484"
"363100012075484"
"363100012076850"
"363100012076850"
"363100012076850"
"363100012077016"
"363100012077353"
"363100012077353"
"363100012077419"
"363100012078147"
"363100012078147"
"363100012079117"
"363100012079300"
"363100012083871"
"363100012083909"
"363100012085398"
"363100012085398"
"363100012085398"
"363100012087842"
"363100012087842"
"363100012087965"
"363100012087965"
"363100012088353"
"363100012089372"
"363100012089393"
"363100012089393"
"363100012089463"
"363100012089474"
"363100012089868"
"363100012089868"
"363100012089868"
"363100012091089"
"363100012091455"
"363100012091455"
"363100012091455"
"363100012091810"
"363100012093344"
"363100012094341"
"363100012094577"
"363100012094577"
"363100012094877"
"363100012095143"
"363100012095322"
"363100012095573"
"363100012096618"
"363100012097086"
"363100012097086"
"363100012097871"
"363100012099601"
"363100012100043"
"363100012101521"
"363100012102855"
"363100012102855"
"363100012102900"
"363100012102900"
"363100012104522"
"363100012104639"
"363100012105543"
"363100012106323"
"363100012106323"
"363100012108236"
"363100012109276"
"363100012111286"
"363100012111286"
"363100012111687"
"363100012111687"
"363100012113189"
"363100012113189"
"363100012113910"
"363100012114280"
"363100012114280"
"363100012114646"
"363100012114694"
"363100012115086"
"363100012115086"
"363100012115086"
"363100012115106"
"363100012115245"
"363100012117706"
"363100012117706"
"363100012118353"
"363100012118689"
"363100012118689"
"363100012118689"
"363100012119149"
"363100012120774"
"363100012120953"
"363100012120953"
"363100012121569"
"363100012121589"
"363100012121696"
"363100012122058"
"363100012122058"
"363100012122321"
"363100012124409"
"363100012124608"
"363100012125390"
"363100012125390"
"363100012126360"
"363100012126360"
"363100012126382"
"363100012127251"
"363100012127644"
"363100012128923"
"363100012129393"
"363100012130007"
"363100012130702"
"363100012130702"
"363100012131239"
"363100012131702"
"363100012131702"
"363100012131859"
"363100012132001"
"363100012132001"
"363100012132871"
"363100012133532"
"363100012133741"
"363100012138058"
"363100012138382"
"363100012138382"
"363100012141852"
"363100012142884"
"363100012142884"
"363100012142884"
"363100012143159"
"363100012143159"
"363100012143202"
"363100012143295"
"363100012143371"
"363100012144724"
"363100012144773"
"363100012147985"
"363100012147985"
"363100012148132"
"363100012148132"
"363100012148132"
"363100012149344"
"363100012149344"
"363100012149344"
"363100012149562"
"363100012149562"
"363100012150130"
"363100012150217"
"363100012150727"
"363100012150727"
"363100012151376"
"363100012151468"
"363100012152001"
"363100012153854"
"363100012153854"
"363100012154674"
"363100012154674"
"363100012062285"
"363100012067057"
"363100012067957"
"363100012068103"
"363100012068103"
"363100012069796"
"363100012077260"
"363100012078690"
"363100012078690"
"363100012078690"
"363100012079794"
"363100012079794"
"363100012082901"
"363100012084515"
"363100012091080"
"363100012091776"
"363100012091776"
"363100012091776"
"363100012097287"
"363100012097556"
"363100012097556"
"363100012099064"
"363100012099064"
"363100012099064"
"363100012101722"
"363100012105762"
"363100012105762"
"363100012105762"
"363100012108494"
"363100012112327"
"363100012112327"
"363100012112327"
"363100012129483"
"363100012131830"
"363100012131830"
"363100012132997"
"363100012132997"
"363100012133916"
"363100012133916"
"363100012142257"
"363100012142377"
"363100012142377"
"363100012144873"
"363100012147261"
"363100012152068"
"363100012152068"
"363100012153848"
"363100012153848"
"363100012153848"
"363100012071351"
"363100012079441"
"363100012079441"
"363100012079441"
"363100012079901"
"363100012084138"
"363100012085971"
"363100012086370"
"363100012086370"
"363100012086370"
"363100012089153"
"363100012089153"
"363100012096381"
"363100012096742"
"363100012098649"
"363100012099296"
"363100012108004"
"363100012108091"
"363100012115274"
"363100012115274"
"363100012118138"
"363100012122698"
"363100012122698"
"363100012122698"
"363100012136495"
"363100012136495"
"363100012136495"
"363100012136688"
"363100012141814"
"363100012141814"
"363100012142746"
"363100012142746"
"363100012142746"
"363100012143205"
"363100012143205"
"363100012147353"
"363100012147353"
"363100012147353"
"363100012147387"
"363100012147387"
"363100012147387"
"363100012151972"
"363100012151972"
"363100012151972"
"363100012155142"
"363100012155142"
"363100012092154"
"363100012092154"
"363100012092154"
"363100012092553"
"363100012092553"
"363100012092553"
"363100012105887"
"363100012105887"
"363100012105887"
"363100012109170"
"363100012109170"
"363100012109170"
"363100012112122"
"363100012112122"
"363100012112122"
"363100012129859"
"363100012129859"
"363100012129859"
"363100012150514"
"363100012150514"
"363100012150514"
"363100012113118"
"363100012115063"
"363100012131259"
"363100012131259"
"363100012131259"
"363100012062687"
"363100012063005"
"363100012068227"
"363100012068754"
"363100012068754"
"363100012068795"
"363100012068795"
"363100012068795"
"363100012070251"
"363100012071144"
"363100012076888"
"363100012076888"
"363100012077843"
"363100012077843"
"363100012078346"
"363100012078346"
"363100012078346"
"363100012078707"
"363100012082610"
"363100012082610"
"363100012084251"
"363100012084251"
"363100012086624"
"363100012092022"
"363100012093303"
"363100012096366"
"363100012099118"
"363100012101021"
"363100012104599"
"363100012104599"
"363100012104609"
"363100012104609"
"363100012105044"
"363100012105044"
"363100012105241"
"363100012105241"
"363100012105475"
"363100012105475"
"363100012105475"
"363100012105921"
"363100012105921"
"363100012107445"
"363100012107445"
"363100012108679"
"363100012111190"
"363100012111190"
"363100012113912"
"363100012115254"
"363100012115254"
"363100012116712"
"363100012116712"
"363100012118906"
"363100012119615"
"363100012122385"
"363100012122385"
"363100012124704"
"363100012128541"
"363100012128541"
"363100012128541"
"363100012129528"
"363100012129528"
"363100012130076"
"363100012130076"
"363100012130076"
"363100012131620"
"363100012131620"
"363100012132154"
"363100012133620"
"363100012133620"
"363100012134164"
"363100012134164"
"363100012136675"
"363100012136868"
"363100012138063"
"363100012138147"
"363100012138147"
"363100012138147"
"363100012138905"
"363100012138905"
"363100012140072"
"363100012140361"
"363100012142113"
"363100012142428"
"363100012144660"
"363100012146932"
"363100012146932"
"363100012147614"
"363100012149183"
"363100012150496"
"363100012154516"
"363100012154516"
"363100012072934"
"363100012072934"
"363100012072934"
"363100012078572"
"363100012086467"
"363100012086467"
"363100012086467"
"363100012102816"
"363100012113509"
"363100012117321"
"363100012117321"
"363100012117321"
"363100012147821"
"363100012147821"
"363100012147821"
"363100012061500"
"363100012063176"
"363100012063176"
"363100012063176"
"363100012064780"
"363100012064780"
"363100012064780"
"363100012064813"
"363100012066843"
"363100012068309"
"363100012072341"
"363100012072341"
"363100012073032"
"363100012073032"
"363100012073882"
"363100012073882"
"363100012073882"
"363100012075267"
"363100012075534"
"363100012077611"
"363100012077611"
"363100012077631"
"363100012077631"
"363100012078634"
"363100012078634"
"363100012078686"
"363100012078686"
"363100012078686"
"363100012079146"
"363100012079146"
"363100012079146"
"363100012079715"
"363100012082670"
"363100012082670"
"363100012083471"
"363100012084920"
"363100012084920"
"363100012084920"
"363100012086035"
"363100012086035"
"363100012086035"
"363100012087716"
"363100012089368"
"363100012089368"
"363100012091158"
"363100012092184"
"363100012094871"
"363100012094871"
"363100012094871"
"363100012096232"
"363100012096232"
"363100012096284"
"363100012096284"
"363100012096284"
"363100012096750"
"363100012096750"
"363100012096750"
"363100012097047"
"363100012097047"
"363100012097047"
"363100012099220"
"363100012099220"
"363100012099220"
"363100012101789"
"363100012101789"
"363100012104576"
"363100012104576"
"363100012104576"
"363100012104881"
"363100012105850"
"363100012105850"
"363100012108085"
"363100012108085"
"363100012108085"
"363100012109384"
"363100012109384"
"363100012110362"
"363100012113272"
"363100012113272"
"363100012118381"
"363100012118381"
"363100012118381"
"363100012118931"
"363100012118931"
"363100012118931"
"363100012120314"
"363100012120314"
"363100012120314"
"363100012121617"
"363100012122968"
"363100012122968"
"363100012125043"
"363100012125043"
"363100012125540"
"363100012125540"
"363100012125540"
"363100012125691"
"363100012125691"
"363100012125691"
"363100012128134"
"363100012128549"
"363100012128792"
"363100012128792"
"363100012128792"
"363100012130132"
"363100012131303"
"363100012131303"
"363100012132142"
"363100012132142"
"363100012133595"
"363100012133595"
"363100012133674"
"363100012133674"
"363100012133674"
"363100012134450"
"363100012134450"
"363100012139256"
"363100012139256"
"363100012140298"
"363100012144753"
"363100012144753"
"363100012144753"
"363100012144920"
"363100012144920"
"363100012144920"
"363100012145468"
"363100012146249"
"363100012146249"
"363100012146249"
"363100012146778"
"363100012146778"
"363100012147554"
"363100012147981"
"363100012147981"
"363100012147981"
"363100012150688"
"363100012151459"
"363100012151459"
"363100012151459"
"363100012152151"
"363100012152195"
"363100012152195"
"363100012152195"
"363100012064626"
"363100012064626"
"363100012065939"
"363100012065939"
"363100012065939"
"363100012066321"
"363100012071494"
"363100012086647"
"363100012086647"
"363100012090986"
"363100012090986"
"363100012092109"
"363100012092109"
"363100012097442"
"363100012097442"
"363100012106048"
"363100012106048"
"363100012107966"
"363100012110126"
"363100012111160"
"363100012114992"
"363100012116281"
"363100012116281"
"363100012116354"
"363100012120970"
"363100012120970"
"363100012123226"
"363100012123226"
"363100012127007"
"363100012127007"
"363100012129561"
"363100012129561"
"363100012129561"
"363100012130004"
"363100012130004"
"363100012130004"
"363100012130005"
"363100012130005"
"363100012130705"
"363100012130705"
"363100012135881"
"363100012135881"
"363100012141812"
"363100012141812"
"363100012151445"
"363100012151724"
"363100012061573"
"363100012061573"
"363100012061573"
"363100012079870"
"363100012079870"
"363100012079870"
"363100012079932"
"363100012079932"
"363100012079932"
"363100012082666"
"363100012082666"
"363100012082666"
"363100012083746"
"363100012083746"
"363100012083746"
"363100012089173"
"363100012089173"
"363100012089173"
"363100012092973"
"363100012092973"
"363100012092973"
"363100012099181"
"363100012099181"
"363100012107506"
"363100012107506"
"363100012107506"
"363100012132049"
"363100012132049"
"363100012132049"
"363100012136293"
"363100012205742"
"363100012205742"
"363100012205742"
"363100012082862"
"363100012082862"
"363100012082862"
"363100012090647"
"363100012090647"
"363100012142053"
"363100012142053"
"363100012142053"
"363100012242810"
"363100012242810"
"363100012242810"
"363100012065792"
"363100012065792"
"363100012065792"
"363100012069160"
"363100012069160"
"363100012107329"
"363100012107329"
"363100012118092"
"363100012118092"
"363100012118092"
"363100012129223"
"363100012129223"
"363100012129223"
"363100012131568"
"363100012131568"
"363100012131568"
"363100012134132"
"363100012134132"
"363100012134132"
"363100012148524"
"363100012148524"
"363100012062109"
"363100012062710"
"363100012063201"
"363100012063201"
"363100012063201"
"363100012064503"
"363100012064534"
"363100012064534"
"363100012067452"
"363100012068596"
"363100012068596"
"363100012070089"
"363100012072027"
"363100012074516"
"363100012075139"
"363100012075203"
"363100012075203"
"363100012075971"
"363100012076549"
"363100012077516"
"363100012078745"
"363100012078745"
"363100012078745"
"363100012079071"
"363100012079550"
"363100012081009"
"363100012081009"
"363100012081530"
"363100012082865"
"363100012082865"
"363100012083947"
"363100012084038"
"363100012084038"
"363100012084633"
"363100012084633"
"363100012084633"
"363100012086935"
"363100012086935"
"363100012086935"
"363100012086944"
"363100012087145"
"363100012087311"
"363100012087731"
"363100012087731"
"363100012088523"
"363100012088523"
"363100012088523"
"363100012088738"
"363100012088738"
"363100012089950"
"363100012089950"
"363100012089950"
"363100012090020"
"363100012090242"
"363100012090242"
"363100012090242"
"363100012090400"
"363100012090529"
"363100012090529"
"363100012090836"
"363100012091136"
"363100012091136"
"363100012091136"
"363100012091497"
"363100012091497"
"363100012091588"
"363100012091588"
"363100012092677"
"363100012092677"
"363100012092677"
"363100012092848"
"363100012093039"
"363100012093383"
"363100012093383"
"363100012094296"
"363100012094296"
"363100012094296"
"363100012094630"
"363100012094643"
"363100012094646"
"363100012094646"
"363100012094974"
"363100012094974"
"363100012095102"
"363100012095305"
"363100012095305"
"363100012095640"
"363100012095640"
"363100012095640"
"363100012095998"
"363100012097208"
"363100012097208"
"363100012099455"
"363100012099455"
"363100012099455"
"363100012100935"
"363100012100935"
"363100012101565"
"363100012101565"
"363100012102298"
"363100012102298"
"363100012102485"
"363100012102615"
"363100012103810"
"363100012103810"
"363100012104074"
"363100012104074"
"363100012104194"
"363100012105304"
"363100012105770"
"363100012106784"
"363100012106950"
"363100012106995"
"363100012106995"
"363100012107127"
"363100012107477"
"363100012107477"
"363100012107637"
"363100012107883"
"363100012109339"
"363100012109339"
"363100012109519"
"363100012109519"
"363100012109571"
"363100012109627"
"363100012110395"
"363100012110672"
"363100012110672"
"363100012110672"
"363100012111482"
"363100012112376"
"363100012114747"
"363100012114788"
"363100012114788"
"363100012115481"
"363100012116129"
"363100012117231"
"363100012117904"
"363100012118692"
"363100012118793"
"363100012120776"
"363100012122104"
"363100012123044"
"363100012123044"
"363100012123156"
"363100012123156"
"363100012124636"
"363100012124636"
"363100012124636"
"363100012125111"
"363100012125111"
"363100012125111"
"363100012125841"
"363100012125841"
"363100012129197"
"363100012129197"
"363100012129350"
"363100012129350"
"363100012131016"
"363100012131016"
"363100012131468"
"363100012131775"
"363100012133142"
"363100012133142"
"363100012134919"
"363100012135652"
"363100012135986"
"363100012137436"
"363100012137436"
"363100012137436"
"363100012138290"
"363100012138381"
"363100012138828"
"363100012139406"
"363100012139473"
"363100012139753"
"363100012140105"
"363100012140755"
"363100012140755"
"363100012140918"
"363100012140988"
"363100012140988"
"363100012141380"
"363100012141380"
"363100012142512"
"363100012142512"
"363100012143453"
"363100012143453"
"363100012143453"
"363100012144927"
"363100012145246"
"363100012145246"
"363100012145467"
"363100012146543"
"363100012146543"
"363100012146736"
"363100012147641"
"363100012148282"
"363100012148282"
"363100012148282"
"363100012149292"
"363100012149449"
"363100012151085"
"363100012152042"
"363100012152224"
"363100012154895"
"363100012155061"
"363100012197374"
"363100012197374"
"363100012072543"
"363100012093294"
"363100012093945"
"363100012093945"
"363100012128656"
"363100012144583"
"363100012144583"
"363100012144583"
"363100012151979"
"363100012151979"
"363100012061361"
"363100012061361"
"363100012063332"
"363100012063332"
"363100012069741"
"363100012069741"
"363100012071992"
"363100012071992"
"363100012071992"
"363100012072727"
"363100012074306"
"363100012074306"
"363100012074306"
"363100012075736"
"363100012075736"
"363100012079851"
"363100012079851"
"363100012080009"
"363100012080009"
"363100012080009"
"363100012080747"
"363100012080747"
"363100012085062"
"363100012085062"
"363100012085062"
"363100012085764"
"363100012085764"
"363100012092549"
"363100012092549"
"363100012093891"
"363100012093891"
"363100012093891"
"363100012096079"
"363100012096079"
"363100012096079"
"363100012096862"
"363100012097974"
"363100012101277"
"363100012101277"
"363100012101277"
"363100012101560"
"363100012101560"
"363100012101560"
"363100012106966"
"363100012106966"
"363100012106966"
"363100012107160"
"363100012107840"
"363100012107840"
"363100012107840"
"363100012108080"
"363100012109527"
"363100012109527"
"363100012109527"
"363100012111389"
"363100012111389"
"363100012111389"
"363100012112147"
"363100012112400"
"363100012117692"
"363100012117692"
"363100012117692"
"363100012124126"
"363100012129822"
"363100012129822"
"363100012129822"
"363100012130458"
"363100012130458"
"363100012130458"
"363100012130710"
"363100012130710"
"363100012130710"
"363100012132147"
"363100012134191"
"363100012138644"
"363100012138644"
"363100012138644"
"363100012141505"
"363100012141505"
"363100012141505"
"363100012142010"
"363100012142010"
"363100012142010"
"363100012145493"
"363100012145493"
"363100012145493"
"363100012147854"
"363100012147854"
"363100012147854"
"363100012080383"
"363100012088659"
"363100012088659"
"363100012088659"
"363100012096126"
"363100012096126"
"363100012096126"
"363100012130617"
"363100012069331"
"363100012069331"
"363100012069331"
"363100012069535"
"363100012069535"
"363100012069535"
"363100012070129"
"363100012072643"
"363100012074517"
"363100012074517"
"363100012074517"
"363100012076074"
"363100012076074"
"363100012076074"
"363100012078222"
"363100012088402"
"363100012088534"
"363100012088678"
"363100012090847"
"363100012092226"
"363100012092226"
"363100012092226"
"363100012092842"
"363100012092924"
"363100012092924"
"363100012093526"
"363100012093526"
"363100012093564"
"363100012093564"
"363100012093564"
"363100012095185"
"363100012095185"
"363100012095185"
"363100012096644"
"363100012098661"
"363100012099297"
"363100012099297"
"363100012099339"
"363100012099339"
"363100012102605"
"363100012102605"
"363100012106310"
"363100012106310"
"363100012108042"
"363100012108885"
"363100012108885"
"363100012109326"
"363100012109326"
"363100012109408"
"363100012109572"
"363100012109588"
"363100012109588"
"363100012109588"
"363100012111731"
"363100012111731"
"363100012114070"
"363100012115855"
"363100012115855"
"363100012117909"
"363100012121231"
"363100012121231"
"363100012121231"
"363100012121377"
"363100012121377"
"363100012123468"
"363100012124584"
"363100012124584"
"363100012124758"
"363100012124758"
"363100012125468"
"363100012125753"
"363100012125753"
"363100012125753"
"363100012127396"
"363100012142583"
"363100012142583"
"363100012142583"
"363100012143285"
"363100012143285"
"363100012143285"
"363100012143454"
"363100012143454"
"363100012143454"
"363100012148264"
"363100012148264"
"363100012154634"
"363100012183199"
"363100012190088"
"363100012190088"
"363100012190088"
"363100012205425"
"363100012246115"
"363100012246115"
"363100012246115"
"363100012075250"
"363100012075250"
"363100012087401"
"363100012134176"
"363100012134176"
"363100012134176"
"363100012063351"
"363100012063556"
"363100012065491"
"363100012065492"
"363100012065492"
"363100012069994"
"363100012069994"
"363100012070728"
"363100012099282"
"363100012099282"
"363100012103568"
"363100012105087"
"363100012105087"
"363100012111324"
"363100012117159"
"363100012117159"
"363100012122150"
"363100012122150"
"363100012123073"
"363100012124993"
"363100012126401"
"363100012126401"
"363100012126401"
"363100012129925"
"363100012129925"
"363100012132010"
"363100012132594"
"363100012132594"
"363100012132594"
"363100012133128"
"363100012133128"
"363100012135284"
"363100012138307"
"363100012138307"
"363100012138550"
"363100012139554"
"363100012140961"
"363100012147063"
"363100012147063"
"363100012150271"
"363100012152329"
"363100012152329"
"363100012152339"
"363100012152339"
"363100012153197"
"363100012153197"
"363100012153523"
"363100012153627"
"363100012153808"
"363100012154233"
"363100012154233"
"363100012155844"
"363100012156401"
"363100012156401"
"363100012157597"
"363100012157597"
"363100012157597"
"363100012159223"
"363100012159417"
"363100012159497"
"363100012159827"
"363100012159827"
"363100012160517"
"363100012161345"
"363100012161345"
"363100012161498"
"363100012161812"
"363100012161812"
"363100012161893"
"363100012162554"
"363100012162577"
"363100012162848"
"363100012163949"
"363100012164012"
"363100012164012"
"363100012164387"
"363100012164773"
"363100012164773"
"363100012164773"
"363100012164848"
"363100012164848"
"363100012165225"
"363100012166608"
"363100012237286"
"363100012062688"
"363100012062688"
"363100012070620"
"363100012072491"
"363100012072542"
"363100012075356"
"363100012075356"
"363100012075356"
"363100012078706"
"363100012078983"
"363100012081906"
"363100012082752"
"363100012082752"
"363100012082752"
"363100012084889"
"363100012085698"
"363100012085698"
"363100012087906"
"363100012091581"
"363100012091581"
"363100012092017"
"363100012093569"
"363100012094973"
"363100012099749"
"363100012100013"
"363100012100592"
"363100012100592"
"363100012100592"
"363100012100798"
"363100012104866"
"363100012107732"
"363100012107732"
"363100012107732"
"363100012116226"
"363100012116226"
"363100012116470"
"363100012116470"
"363100012117078"
"363100012117078"
"363100012117078"
"363100012118267"
"363100012118267"
"363100012119274"
"363100012120589"
"363100012120589"
"363100012120589"
"363100012121954"
"363100012121954"
"363100012121954"
"363100012124991"
"363100012125493"
"363100012125493"
"363100012125620"
"363100012126217"
"363100012136580"
"363100012136580"
"363100012140060"
"363100012150524"
"363100012150524"
"363100012150524"
"363100012150653"
"363100012151351"
"363100012151351"
"363100012151783"
"363100012152324"
"363100012152497"
"363100012152497"
"363100012152831"
"363100012153297"
"363100012153297"
"363100012153479"
"363100012153753"
"363100012153753"
"363100012153829"
"363100012153829"
"363100012153829"
"363100012154103"
"363100012154103"
"363100012154296"
"363100012154623"
"363100012156093"
"363100012156389"
"363100012156389"
"363100012156389"
"363100012156629"
"363100012156629"
"363100012156661"
"363100012156661"
"363100012156734"
"363100012156848"
"363100012156848"
"363100012156995"
"363100012156995"
"363100012156995"
"363100012157391"
"363100012157391"
"363100012157391"
"363100012157392"
"363100012157392"
"363100012157392"
"363100012157510"
"363100012157510"
"363100012157539"
"363100012157891"
"363100012159226"
"363100012159226"
"363100012159300"
"363100012159300"
"363100012159300"
"363100012159511"
"363100012159513"
"363100012159642"
"363100012159854"
"363100012159854"
"363100012160078"
"363100012160078"
"363100012160078"
"363100012160299"
"363100012160299"
"363100012160299"
"363100012160806"
"363100012161074"
"363100012161272"
"363100012161272"
"363100012161464"
"363100012161464"
"363100012161464"
"363100012161501"
"363100012161894"
"363100012161902"
"363100012161902"
"363100012162095"
"363100012162229"
"363100012162229"
"363100012162325"
"363100012162336"
"363100012162423"
"363100012162423"
"363100012162867"
"363100012162867"
"363100012162886"
"363100012162886"
"363100012162886"
"363100012163295"
"363100012163808"
"363100012164029"
"363100012164159"
"363100012164177"
"363100012164177"
"363100012164177"
"363100012164252"
"363100012164279"
"363100012164354"
"363100012164354"
"363100012164744"
"363100012164744"
"363100012164825"
"363100012164825"
"363100012164825"
"363100012165168"
"363100012165168"
"363100012165264"
"363100012165264"
"363100012165344"
"363100012165360"
"363100012165360"
"363100012165414"
"363100012165414"
"363100012165414"
"363100012165610"
"363100012165728"
"363100012165728"
"363100012165832"
"363100012165832"
"363100012166243"
"363100012166243"
"363100012166303"
"363100012166303"
"363100012166623"
"363100012166725"
"363100012166905"
"363100012166905"
"363100012167319"
"363100012167319"
"363100012236336"
"363100012236336"
"363100012237122"
"363100012068253"
"363100012068253"
"363100012076072"
"363100012076072"
"363100012076072"
"363100012082515"
"363100012092198"
"363100012092198"
"363100012097216"
"363100012097216"
"363100012115630"
"363100012115630"
"363100012129651"
"363100012152887"
"363100012152887"
"363100012153213"
"363100012153213"
"363100012153503"
"363100012153630"
"363100012153630"
"363100012153630"
"363100012156352"
"363100012156352"
"363100012156352"
"363100012157256"
"363100012157256"
"363100012157763"
"363100012157763"
"363100012157763"
"363100012158029"
"363100012159338"
"363100012159338"
"363100012161043"
"363100012161043"
"363100012161043"
"363100012161632"
"363100012161632"
"363100012161632"
"363100012161827"
"363100012161827"
"363100012162101"
"363100012162101"
"363100012162944"
"363100012162944"
"363100012162944"
"363100012162961"
"363100012162961"
"363100012162961"
"363100012164032"
"363100012164032"
"363100012164146"
"363100012164146"
"363100012164146"
"363100012164309"
"363100012164735"
"363100012164735"
"363100012164735"
"363100012165286"
"363100012165321"
"363100012165321"
"363100012165321"
"363100012166371"
"363100012166418"
"363100012166501"
"363100012167333"
"363100012167435"
"363100012167435"
"363100012233481"
"363100012233481"
"363100012233481"
"363100012235955"
"363100012235955"
"363100012235955"
"363100012236330"
"363100012236330"
"363100012236330"
"363100012236349"
"363100012236349"
"363100012236349"
"363100012236502"
"363100012236502"
"363100012236502"
"363100012236861"
"363100012236861"
"363100012068440"
"363100012068440"
"363100012070120"
"363100012072691"
"363100012087543"
"363100012087543"
"363100012104503"
"363100012111629"
"363100012111642"
"363100012112188"
"363100012125794"
"363100012127257"
"363100012127257"
"363100012134203"
"363100012138432"
"363100012142285"
"363100012142285"
"363100012147248"
"363100012154621"
"363100012061352"
"363100012061673"
"363100012061978"
"363100012061978"
"363100012062961"
"363100012062966"
"363100012062966"
"363100012062966"
"363100012064703"
"363100012064703"
"363100012064703"
"363100012065709"
"363100012065709"
"363100012065709"
"363100012065710"
"363100012065710"
"363100012065710"
"363100012067706"
"363100012067706"
"363100012068985"
"363100012068985"
"363100012069358"
"363100012069486"
"363100012069486"
"363100012070467"
"363100012071078"
"363100012071145"
"363100012071580"
"363100012071580"
"363100012073318"
"363100012073318"
"363100012073318"
"363100012073331"
"363100012074753"
"363100012074753"
"363100012075998"
"363100012076102"
"363100012079041"
"363100012079575"
"363100012079575"
"363100012081901"
"363100012081901"
"363100012083211"
"363100012085900"
"363100012085944"
"363100012088028"
"363100012088430"
"363100012089687"
"363100012089687"
"363100012093904"
"363100012093904"
"363100012094477"
"363100012095293"
"363100012095293"
"363100012096577"
"363100012098428"
"363100012099591"
"363100012101031"
"363100012102333"
"363100012105896"
"363100012106267"
"363100012106267"
"363100012108473"
"363100012108473"
"363100012108473"
"363100012110868"
"363100012110873"
"363100012112488"
"363100012116987"
"363100012117004"
"363100012117004"
"363100012117353"
"363100012117353"
"363100012119120"
"363100012119542"
"363100012120028"
"363100012120028"
"363100012120028"
"363100012120440"
"363100012121048"
"363100012122553"
"363100012122710"
"363100012122710"
"363100012123957"
"363100012123957"
"363100012126625"
"363100012126762"
"363100012128670"
"363100012129431"
"363100012129431"
"363100012131393"
"363100012131393"
"363100012131634"
"363100012132428"
"363100012132859"
"363100012134465"
"363100012134465"
"363100012135949"
"363100012136869"
"363100012136869"
"363100012138176"
"363100012138176"
"363100012138485"
"363100012138485"
"363100012138760"
"363100012139889"
"363100012140517"
"363100012140517"
"363100012140742"
"363100012140742"
"363100012142247"
"363100012143289"
"363100012143289"
"363100012143910"
"363100012143964"
"363100012143964"
"363100012144793"
"363100012144992"
"363100012145008"
"363100012146198"
"363100012146198"
"363100012146222"
"363100012146222"
"363100012146222"
"363100012147260"
"363100012147962"
"363100012151161"
"363100012151161"
"363100012151409"
"363100012154045"
"363100012154045"
"363100012154420"
"363100012154624"
"363100012154670"
"363100012154670"
"363100012075512"
"363100012078030"
"363100012078030"
"363100012090728"
"363100012092718"
"363100012094516"
"363100012102178"
"363100012102178"
"363100012102695"
"363100012102695"
"363100012117144"
"363100012118877"
"363100012119781"
"363100012127407"
"363100012127407"
"363100012127407"
"363100012132904"
"363100012143337"
"363100012144101"
"363100012144101"
"363100012150134"
"363100012063244"
"363100012063244"
"363100012063481"
"363100012063481"
"363100012066359"
"363100012066359"
"363100012066359"
"363100012067444"
"363100012067444"
"363100012070228"
"363100012070228"
"363100012070228"
"363100012070698"
"363100012070698"
"363100012078218"
"363100012078218"
"363100012078218"
"363100012079957"
"363100012081836"
"363100012084209"
"363100012084209"
"363100012086049"
"363100012087291"
"363100012087291"
"363100012087291"
"363100012087951"
"363100012087951"
"363100012090801"
"363100012090801"
"363100012090801"
"363100012097480"
"363100012097480"
"363100012098377"
"363100012098377"
"363100012098377"
"363100012100112"
"363100012100112"
"363100012100112"
"363100012100633"
"363100012101623"
"363100012101623"
"363100012101958"
"363100012103939"
"363100012104537"
"363100012104537"
"363100012105521"
"363100012108790"
"363100012108790"
"363100012109238"
"363100012109238"
"363100012109238"
"363100012109348"
"363100012109575"
"363100012109575"
"363100012109931"
"363100012109931"
"363100012110623"
"363100012110623"
"363100012110623"
"363100012111230"
"363100012111230"
"363100012116139"
"363100012116444"
"363100012116444"
"363100012120443"
"363100012120443"
"363100012120443"
"363100012122103"
"363100012134770"
"363100012134770"
"363100012134770"
"363100012138506"
"363100012138506"
"363100012139099"
"363100012142381"
"363100012149363"
"363100012163070"
"363100012088230"
"363100012088230"
"363100012088230"
"363100012064874"
"363100012064874"
"363100012064874"
"363100012065233"
"363100012065233"
"363100012066896"
"363100012066896"
"363100012075087"
"363100012076623"
"363100012099075"
"363100012099075"
"363100012099075"
"363100012106685"
"363100012106685"
"363100012113358"
"363100012113525"
"363100012113525"
"363100012113525"
"363100012114220"
"363100012116240"
"363100012118702"
"363100012118702"
"363100012121391"
"363100012122176"
"363100012122176"
"363100012132437"
"363100012132437"
"363100012132437"
"363100012137416"
"363100012137416"
"363100012137416"
"363100012140491"
"363100012063657"
"363100012064095"
"363100012064545"
"363100012066803"
"363100012070805"
"363100012077420"
"363100012077445"
"363100012083662"
"363100012084854"
"363100012091804"
"363100012091804"
"363100012095825"
"363100012096869"
"363100012097063"
"363100012101575"
"363100012101575"
"363100012101575"
"363100012105308"
"363100012105308"
"363100012105308"
"363100012107997"
"363100012113601"
"363100012117833"
"363100012117833"
"363100012117833"
"363100012118710"
"363100012118710"
"363100012119031"
"363100012119031"
"363100012123690"
"363100012123690"
"363100012123690"
"363100012126871"
"363100012126871"
"363100012127693"
"363100012127693"
"363100012130505"
"363100012130505"
"363100012130505"
"363100012132082"
"363100012132082"
"363100012133120"
"363100012134673"
"363100012134673"
"363100012135940"
"363100012136581"
"363100012136581"
"363100012136759"
"363100012136759"
"363100012136759"
"363100012137934"
"363100012137934"
"363100012137934"
"363100012142328"
"363100012142328"
"363100012142328"
"363100012143632"
"363100012147427"
"363100012147427"
"363100012148072"
"363100012148072"
"363100012148072"
"363100012148534"
"363100012148534"
"363100012149712"
"363100012149712"
"363100012062931"
"363100012066811"
"363100012068952"
"363100012069629"
"363100012069629"
"363100012069867"
"363100012069867"
"363100012070393"
"363100012070667"
"363100012070667"
"363100012070667"
"363100012070846"
"363100012070846"
"363100012070846"
"363100012072472"
"363100012073783"
"363100012073847"
"363100012074319"
"363100012074895"
"363100012076602"
"363100012076602"
"363100012076602"
"363100012077828"
"363100012077828"
"363100012079540"
"363100012080737"
"363100012080737"
"363100012080737"
"363100012081524"
"363100012083380"
"363100012083403"
"363100012083403"
"363100012083403"
"363100012083673"
"363100012084281"
"363100012084281"
"363100012084281"
"363100012085358"
"363100012085358"
"363100012086805"
"363100012087941"
"363100012088455"
"363100012088722"
"363100012089057"
"363100012089057"
"363100012089716"
"363100012090982"
"363100012090982"
"363100012091585"
"363100012091788"
"363100012092651"
"363100012093053"
"363100012093053"
"363100012093053"
"363100012094773"
"363100012095473"
"363100012096457"
"363100012097073"
"363100012097960"
"363100012097960"
"363100012098478"
"363100012099442"
"363100012099442"
"363100012099442"
"363100012100044"
"363100012100044"
"363100012102140"
"363100012102553"
"363100012103140"
"363100012103175"
"363100012106106"
"363100012106106"
"363100012106106"
"363100012106485"
"363100012107523"
"363100012108109"
"363100012109455"
"363100012109455"
"363100012109455"
"363100012110473"
"363100012110473"
"363100012110473"
"363100012111905"
"363100012111905"
"363100012111905"
"363100012112232"
"363100012112232"
"363100012112232"
"363100012112596"
"363100012113507"
"363100012113507"
"363100012113807"
"363100012113916"
"363100012113916"
"363100012113916"
"363100012114517"
"363100012114841"
"363100012115907"
"363100012115907"
"363100012116385"
"363100012116385"
"363100012116527"
"363100012119317"
"363100012119317"
"363100012119659"
"363100012120793"
"363100012121624"
"363100012121624"
"363100012121624"
"363100012121959"
"363100012121959"
"363100012121959"
"363100012123287"
"363100012123431"
"363100012123431"
"363100012123931"
"363100012126351"
"363100012126533"
"363100012126533"
"363100012127530"
"363100012128512"
"363100012128512"
"363100012128970"
"363100012132032"
"363100012132032"
"363100012132454"
"363100012132454"
"363100012132686"
"363100012133027"
"363100012133027"
"363100012134464"
"363100012134464"
"363100012135153"
"363100012135153"
"363100012135340"
"363100012137464"
"363100012137464"
"363100012138267"
"363100012138473"
"363100012139459"
"363100012140458"
"363100012141424"
"363100012141424"
"363100012141424"
"363100012142568"
"363100012145134"
"363100012145337"
"363100012146071"
"363100012146640"
"363100012147170"
"363100012148147"
"363100012149320"
"363100012149320"
"363100012149431"
"363100012149431"
"363100012149431"
"363100012151954"
"363100012154009"
"363100012154009"
"363100012154009"
"363100012154500"
"363100012154500"
"363100012154925"
"363100012154965"
"363100012154965"
"363100012183743"
"363100012183743"
"363100012240512"
"363100012240512"
"363100012061562"
"363100012064526"
"363100012071338"
"363100012074274"
"363100012074274"
"363100012107350"
"363100012124941"
"363100012125892"
"363100012135929"
"363100012135929"
"363100012145622"
"363100012151243"
"363100012061377"
"363100012061377"
"363100012061704"
"363100012061985"
"363100012062619"
"363100012062619"
"363100012068379"
"363100012068379"
"363100012068379"
"363100012078310"
"363100012078689"
"363100012083291"
"363100012083291"
"363100012083594"
"363100012083774"
"363100012085934"
"363100012085934"
"363100012089252"
"363100012092120"
"363100012093188"
"363100012094513"
"363100012096240"
"363100012110371"
"363100012113689"
"363100012113689"
"363100012118403"
"363100012118403"
"363100012120304"
"363100012123772"
"363100012123772"
"363100012125581"
"363100012125581"
"363100012126928"
"363100012126928"
"363100012126928"
"363100012129813"
"363100012132811"
"363100012135936"
"363100012135936"
"363100012136197"
"363100012136197"
"363100012141398"
"363100012150794"
"363100012150794"
"363100012151342"
"363100012154024"
"363100012064855"
"363100012065015"
"363100012065015"
"363100012066148"
"363100012068626"
"363100012071463"
"363100012071968"
"363100012071968"
"363100012073006"
"363100012081477"
"363100012081477"
"363100012081954"
"363100012081954"
"363100012081954"
"363100012085832"
"363100012087325"
"363100012088838"
"363100012088838"
"363100012092972"
"363100012092972"
"363100012097085"
"363100012097309"
"363100012097373"
"363100012097879"
"363100012097879"
"363100012097879"
"363100012099780"
"363100012100522"
"363100012100549"
"363100012101419"
"363100012101419"
"363100012101419"
"363100012103162"
"363100012103162"
"363100012103162"
"363100012110030"
"363100012110030"
"363100012117566"
"363100012117566"
"363100012117566"
"363100012117818"
"363100012118992"
"363100012120911"
"363100012120911"
"363100012121755"
"363100012121755"
"363100012125831"
"363100012127700"
"363100012128772"
"363100012130035"
"363100012130035"
"363100012130591"
"363100012131161"
"363100012131708"
"363100012132231"
"363100012132560"
"363100012134061"
"363100012141416"
"363100012141416"
"363100012141416"
"363100012148750"
"363100012149597"
"363100012149597"
"363100012150693"
"363100012150693"
"363100012150693"
"363100012154533"
"363100012154533"
"363100012154533"
"363100012063000"
"363100012065881"
"363100012065881"
"363100012069269"
"363100012083297"
"363100012085241"
"363100012085241"
"363100012096845"
"363100012096845"
"363100012115096"
"363100012117906"
"363100012119758"
"363100012119758"
"363100012119758"
"363100012122571"
"363100012124605"
"363100012124605"
"363100012124605"
"363100012131662"
"363100012138874"
"363100012144600"
"363100012144600"
"363100012145013"
"363100012145013"
"363100012145013"
"363100012153865"
"363100012153865"
"363100012062910"
"363100012062910"
"363100012063241"
"363100012063241"
"363100012063241"
"363100012063850"
"363100012063945"
"363100012067081"
"363100012067236"
"363100012067236"
"363100012067236"
"363100012067531"
"363100012072702"
"363100012073375"
"363100012076219"
"363100012076432"
"363100012076566"
"363100012078306"
"363100012079772"
"363100012079816"
"363100012083174"
"363100012083174"
"363100012083174"
"363100012084589"
"363100012085239"
"363100012085239"
"363100012086118"
"363100012087867"
"363100012088825"
"363100012090564"
"363100012092401"
"363100012092401"
"363100012092401"
"363100012092462"
"363100012097154"
"363100012097156"
"363100012097236"
"363100012097236"
"363100012097544"
"363100012098785"
"363100012098785"
"363100012099577"
"363100012099577"
"363100012100692"
"363100012100692"
"363100012103178"
"363100012104069"
"363100012105093"
"363100012106658"
"363100012106658"
"363100012107391"
"363100012108562"
"363100012110100"
"363100012114049"
"363100012114049"
"363100012114049"
"363100012115379"
"363100012115379"
"363100012116446"
"363100012116509"
"363100012117406"
"363100012118636"
"363100012118636"
"363100012118660"
"363100012120169"
"363100012120731"
"363100012121047"
"363100012121730"
"363100012123606"
"363100012124451"
"363100012124451"
"363100012124451"
"363100012128397"
"363100012128397"
"363100012128498"
"363100012129583"
"363100012133462"
"363100012133462"
"363100012135488"
"363100012135700"
"363100012136383"
"363100012137414"
"363100012141706"
"363100012144561"
"363100012144561"
"363100012146114"
"363100012146114"
"363100012149443"
"363100012149443"
"363100012150842"
"363100012158267"
"363100012158267"
"363100012062796"
"363100012062796"
"363100012062796"
"363100012064330"
"363100012066068"
"363100012066068"
"363100012066068"
"363100012067427"
"363100012067427"
"363100012067427"
"363100012073124"
"363100012081925"
"363100012085420"
"363100012093848"
"363100012107449"
"363100012115389"
"363100012115389"
"363100012115389"
"363100012125723"
"363100012129687"
"363100012129687"
"363100012142974"
"363100012142974"
"363100012142974"
"363100012126087"
"363100012126087"
"363100012074950"
"363100012086271"
"363100012110954"
"363100012110954"
"363100012122781"
"363100012122781"
"363100012122781"
"363100012125536"
"363100012125536"
"363100012125536"
"363100012128836"
"363100012128836"
"363100012128836"
"363100012147055"
"363100012061841"
"363100012063756"
"363100012064994"
"363100012065007"
"363100012065092"
"363100012065092"
"363100012066339"
"363100012066339"
"363100012066339"
"363100012067315"
"363100012067797"
"363100012069838"
"363100012069838"
"363100012070190"
"363100012070484"
"363100012070484"
"363100012071286"
"363100012071731"
"363100012076807"
"363100012076891"
"363100012078418"
"363100012079160"
"363100012079737"
"363100012079737"
"363100012079737"
"363100012080341"
"363100012080341"
"363100012080341"
"363100012080426"
"363100012080509"
"363100012086517"
"363100012086756"
"363100012092046"
"363100012092046"
"363100012092731"
"363100012092731"
"363100012095370"
"363100012096473"
"363100012097281"
"363100012100192"
"363100012102847"
"363100012102847"
"363100012102847"
"363100012104035"
"363100012106324"
"363100012107018"
"363100012108408"
"363100012108408"
"363100012108918"
"363100012112648"
"363100012113031"
"363100012113083"
"363100012113119"
"363100012113119"
"363100012114861"
"363100012115050"
"363100012115244"
"363100012115244"
"363100012115761"
"363100012116950"
"363100012119533"
"363100012119621"
"363100012120103"
"363100012121699"
"363100012121936"
"363100012121936"
"363100012122325"
"363100012125757"
"363100012125757"
"363100012125849"
"363100012125849"
"363100012127011"
"363100012133947"
"363100012134571"
"363100012135930"
"363100012135960"
"363100012138321"
"363100012138321"
"363100012138719"
"363100012142539"
"363100012142567"
"363100012143412"
"363100012144915"
"363100012147804"
"363100012148942"
"363100012149998"
"363100012149998"
"363100012150374"
"363100012154035"
"363100012063096"
"363100012063096"
"363100012063096"
"363100012077727"
"363100012079507"
"363100012082993"
"363100012082993"
"363100012093770"
"363100012105541"
"363100012114710"
"363100012114710"
"363100012114710"
"363100012119423"
"363100012133533"
"363100012151345"
"363100012062441"
"363100012063888"
"363100012066285"
"363100012070960"
"363100012071670"
"363100012071670"
"363100012071670"
"363100012072469"
"363100012072469"
"363100012073164"
"363100012073164"
"363100012073237"
"363100012073237"
"363100012073237"
"363100012076873"
"363100012077123"
"363100012080034"
"363100012080449"
"363100012086440"
"363100012086440"
"363100012092392"
"363100012094079"
"363100012095225"
"363100012098850"
"363100012098850"
"363100012102279"
"363100012105222"
"363100012105920"
"363100012105920"
"363100012105920"
"363100012107210"
"363100012109461"
"363100012109461"
"363100012109493"
"363100012110162"
"363100012111111"
"363100012114537"
"363100012117951"
"363100012117951"
"363100012122544"
"363100012123261"
"363100012123261"
"363100012124647"
"363100012124647"
"363100012124647"
"363100012125545"
"363100012126014"
"363100012126210"
"363100012129927"
"363100012136664"
"363100012137331"
"363100012137705"
"363100012139764"
"363100012141052"
"363100012142410"
"363100012142410"
"363100012142839"
"363100012142839"
"363100012144511"
"363100012147099"
"363100012148018"
"363100012148707"
"363100012148707"
"363100012148707"
"363100012151921"
"363100012061225"
"363100012061809"
"363100012062390"
"363100012063356"
"363100012063356"
"363100012063432"
"363100012065120"
"363100012065313"
"363100012065313"
"363100012067206"
"363100012067206"
"363100012067668"
"363100012067668"
"363100012067813"
"363100012067813"
"363100012070397"
"363100012070723"
"363100012070878"
"363100012073093"
"363100012075199"
"363100012075361"
"363100012075361"
"363100012076289"
"363100012078123"
"363100012078748"
"363100012078902"
"363100012078902"
"363100012079043"
"363100012079043"
"363100012079406"
"363100012079469"
"363100012079469"
"363100012081756"
"363100012081756"
"363100012081756"
"363100012082142"
"363100012082142"
"363100012082142"
"363100012083355"
"363100012083355"
"363100012085856"
"363100012086491"
"363100012086663"
"363100012087378"
"363100012087413"
"363100012087413"
"363100012088190"
"363100012088190"
"363100012088190"
"363100012088514"
"363100012089657"
"363100012089898"
"363100012090433"
"363100012091612"
"363100012094021"
"363100012094882"
"363100012094882"
"363100012094955"
"363100012095574"
"363100012095574"
"363100012095574"
"363100012096755"
"363100012097353"
"363100012097353"
"363100012097804"
"363100012097804"
"363100012098274"
"363100012099631"
"363100012099933"
"363100012100021"
"363100012100021"
"363100012100021"
"363100012101476"
"363100012102132"
"363100012102438"
"363100012102438"
"363100012103147"
"363100012103147"
"363100012103147"
"363100012103662"
"363100012106833"
"363100012107270"
"363100012107270"
"363100012107626"
"363100012107626"
"363100012108414"
"363100012108414"
"363100012108414"
"363100012109043"
"363100012109284"
"363100012109677"
"363100012110236"
"363100012111555"
"363100012111688"
"363100012111688"
"363100012113107"
"363100012113795"
"363100012113795"
"363100012114652"
"363100012115412"
"363100012115442"
"363100012115757"
"363100012115974"
"363100012116077"
"363100012116077"
"363100012116279"
"363100012116802"
"363100012118659"
"363100012118659"
"363100012118659"
"363100012120535"
"363100012121173"
"363100012121213"
"363100012121441"
"363100012121441"
"363100012122010"
"363100012122143"
"363100012123460"
"363100012124759"
"363100012124759"
"363100012124759"
"363100012125068"
"363100012126496"
"363100012126496"
"363100012126530"
"363100012126530"
"363100012126531"
"363100012126634"
"363100012127403"
"363100012128374"
"363100012128374"
"363100012128374"
"363100012128440"
"363100012128440"
"363100012128440"
"363100012128952"
"363100012129772"
"363100012130684"
"363100012132801"
"363100012133709"
"363100012135511"
"363100012136343"
"363100012139696"
"363100012139707"
"363100012140242"
"363100012140451"
"363100012140912"
"363100012141956"
"363100012142811"
"363100012142811"
"363100012142811"
"363100012143357"
"363100012143696"
"363100012143696"
"363100012145577"
"363100012145577"
"363100012146217"
"363100012146217"
"363100012147339"
"363100012147339"
"363100012148328"
"363100012149158"
"363100012149158"
"363100012152134"
"363100012064399"
"363100012064979"
"363100012069612"
"363100012069626"
"363100012070008"
"363100012070273"
"363100012070273"
"363100012070273"
"363100012075051"
"363100012075051"
"363100012078446"
"363100012078446"
"363100012078457"
"363100012078457"
"363100012078457"
"363100012078623"
"363100012078623"
"363100012078623"
"363100012081857"
"363100012084419"
"363100012084419"
"363100012084419"
"363100012088827"
"363100012089195"
"363100012090651"
"363100012092432"
"363100012092432"
"363100012092432"
"363100012093264"
"363100012093264"
"363100012096004"
"363100012098871"
"363100012098871"
"363100012098871"
"363100012101787"
"363100012101787"
"363100012104294"
"363100012105740"
"363100012105740"
"363100012111120"
"363100012111367"
"363100012113201"
"363100012120696"
"363100012120696"
"363100012121020"
"363100012121131"
"363100012121992"
"363100012121992"
"363100012123062"
"363100012125249"
"363100012126649"
"363100012126649"
"363100012126649"
"363100012126732"
"363100012126732"
"363100012126732"
"363100012128107"
"363100012129757"
"363100012129757"
"363100012129757"
"363100012134233"
"363100012134233"
"363100012135169"
"363100012136010"
"363100012136010"
"363100012136010"
"363100012137508"
"363100012137508"
"363100012139931"
"363100012139931"
"363100012141241"
"363100012142643"
"363100012143397"
"363100012143853"
"363100012145228"
"363100012145695"
"363100012146813"
"363100012146813"
"363100012146813"
"363100012148894"
"363100012148894"
"363100012148894"
"363100012065079"
"363100012065820"
"363100012072743"
"363100012075215"
"363100012077475"
"363100012090098"
"363100012090914"
"363100012093657"
"363100012095874"
"363100012096560"
"363100012101756"
"363100012101936"
"363100012102551"
"363100012105319"
"363100012105668"
"363100012111171"
"363100012114305"
"363100012114305"
"363100012114305"
"363100012115801"
"363100012119578"
"363100012123779"
"363100012124212"
"363100012125053"
"363100012128242"
"363100012143264"
"363100012143524"
"363100012145139"
"363100012146545"
"363100012149438"
"363100012149438"
"363100012151657"
"363100012061641"
"363100012061946"
"363100012064641"
"363100012064641"
"363100012069045"
"363100012069237"
"363100012070888"
"363100012077257"
"363100012077946"
"363100012079049"
"363100012079049"
"363100012080480"
"363100012080480"
"363100012080480"
"363100012082847"
"363100012085985"
"363100012085985"
"363100012086177"
"363100012086177"
"363100012088101"
"363100012089339"
"363100012089921"
"363100012089921"
"363100012090255"
"363100012092080"
"363100012096760"
"363100012098073"
"363100012102227"
"363100012104545"
"363100012104545"
"363100012104560"
"363100012104560"
"363100012104560"
"363100012104854"
"363100012104854"
"363100012105343"
"363100012105343"
"363100012105343"
"363100012107032"
"363100012107594"
"363100012107594"
"363100012107594"
"363100012107895"
"363100012109086"
"363100012109086"
"363100012109086"
"363100012117763"
"363100012117797"
"363100012119519"
"363100012120685"
"363100012124456"
"363100012124456"
"363100012124456"
"363100012125341"
"363100012125893"
"363100012125893"
"363100012126067"
"363100012126067"
"363100012126183"
"363100012127074"
"363100012127074"
"363100012127074"
"363100012134127"
"363100012135167"
"363100012136006"
"363100012137171"
"363100012137171"
"363100012140856"
"363100012141854"
"363100012142069"
"363100012143395"
"363100012151560"
"363100012151560"
"363100012151560"
"363100012151595"
"363100012061241"
"363100012063894"
"363100012064275"
"363100012064988"
"363100012065354"
"363100012065686"
"363100012065948"
"363100012065948"
"363100012066092"
"363100012066577"
"363100012066577"
"363100012066851"
"363100012066957"
"363100012068300"
"363100012075875"
"363100012075875"
"363100012075982"
"363100012075982"
"363100012076991"
"363100012077036"
"363100012077036"
"363100012077036"
"363100012077404"
"363100012081105"
"363100012082581"
"363100012082746"
"363100012082746"
"363100012086867"
"363100012087579"
"363100012087786"
"363100012088947"
"363100012090593"
"363100012090666"
"363100012090666"
"363100012092982"
"363100012093012"
"363100012093064"
"363100012093550"
"363100012094479"
"363100012095346"
"363100012095857"
"363100012096679"
"363100012097601"
"363100012097601"
"363100012097887"
"363100012100264"
"363100012101829"
"363100012101829"
"363100012102156"
"363100012106252"
"363100012109436"
"363100012109990"
"363100012110039"
"363100012110039"
"363100012116842"
"363100012119820"
"363100012120189"
"363100012120189"
"363100012121930"
"363100012128386"
"363100012129101"
"363100012129327"
"363100012129327"
"363100012131330"
"363100012131330"
"363100012131330"
"363100012134119"
"363100012136729"
"363100012139470"
"363100012139851"
"363100012140371"
"363100012143115"
"363100012143115"
"363100012143115"
"363100012143802"
"363100012144042"
"363100012144042"
"363100012144418"
"363100012144418"
"363100012144698"
"363100012144698"
"363100012146691"
"363100012148036"
"363100012148036"
"363100012148292"
"363100012148556"
"363100012149100"
"363100012150214"
"363100012150947"
"363100012151148"
"363100012151148"
"363100012151148"
"363100012151294"
"363100012151294"
"363100012151294"
"363100012154758"
"363100012061882"
"363100012066672"
"363100012067581"
"363100012073483"
"363100012074897"
"363100012078480"
"363100012078480"
"363100012080417"
"363100012080417"
"363100012081299"
"363100012081439"
"363100012081439"
"363100012084661"
"363100012084661"
"363100012085162"
"363100012086920"
"363100012091169"
"363100012095687"
"363100012095687"
"363100012101287"
"363100012101287"
"363100012105068"
"363100012105068"
"363100012105965"
"363100012112844"
"363100012115370"
"363100012115370"
"363100012116770"
"363100012116770"
"363100012121076"
"363100012121076"
"363100012121522"
"363100012125255"
"363100012128181"
"363100012128181"
"363100012135543"
"363100012136658"
"363100012138850"
"363100012142708"
"363100012150480"
"363100012062794"
"363100012068112"
"363100012068151"
"363100012069436"
"363100012070167"
"363100012070639"
"363100012071485"
"363100012072789"
"363100012073125"
"363100012075019"
"363100012077089"
"363100012077089"
"363100012082650"
"363100012090835"
"363100012094959"
"363100012094959"
"363100012097416"
"363100012101675"
"363100012101683"
"363100012103250"
"363100012106489"
"363100012122521"
"363100012123645"
"363100012124426"
"363100012125807"
"363100012126572"
"363100012128158"
"363100012144905"
"363100012145395"
"363100012146899"
"363100012151032"
"363100012061184"
"363100012061184"
"363100012061184"
"363100012063529"
"363100012067165"
"363100012067165"
"363100012067165"
"363100012068066"
"363100012070195"
"363100012071188"
"363100012071188"
"363100012072003"
"363100012080025"
"363100012080025"
"363100012080849"
"363100012080849"
"363100012081186"
"363100012081186"
"363100012081186"
"363100012081340"
"363100012081340"
"363100012082394"
"363100012082394"
"363100012082394"
"363100012084675"
"363100012084675"
"363100012089646"
"363100012090439"
"363100012090439"
"363100012097370"
"363100012099507"
"363100012099507"
"363100012099826"
"363100012102535"
"363100012102535"
"363100012102535"
"363100012103279"
"363100012104183"
"363100012106163"
"363100012112508"
"363100012112508"
"363100012112508"
"363100012112850"
"363100012112850"
"363100012112995"
"363100012113000"
"363100012113000"
"363100012114495"
"363100012114495"
"363100012114495"
"363100012117081"
"363100012117081"
"363100012117602"
"363100012117602"
"363100012117602"
"363100012126824"
"363100012126824"
"363100012128270"
"363100012129744"
"363100012132318"
"363100012132318"
"363100012134599"
"363100012134724"
"363100012135925"
"363100012135925"
"363100012139247"
"363100012139247"
"363100012142086"
"363100012142086"
"363100012142086"
"363100012144339"
"363100012144825"
"363100012144825"
"363100012145638"
"363100012148450"
"363100012151645"
"363100012063015"
"363100012071342"
"363100012071342"
"363100012073538"
"363100012073538"
"363100012104095"
"363100012104095"
"363100012106611"
"363100012106611"
"363100012106611"
"363100012113374"
"363100012113374"
"363100012113833"
"363100012113833"
"363100012113833"
"363100012136815"
"363100012066495"
"363100012066495"
"363100012067754"
"363100012077782"
"363100012082194"
"363100012082194"
"363100012082194"
"363100012087316"
"363100012087316"
"363100012096299"
"363100012096299"
"363100012099265"
"363100012099265"
"363100012099265"
"363100012102266"
"363100012109429"
"363100012109533"
"363100012109533"
"363100012109533"
"363100012111660"
"363100012111660"
"363100012114782"
"363100012114782"
"363100012117019"
"363100012117019"
"363100012120944"
"363100012120944"
"363100012121581"
"363100012121581"
"363100012125830"
"363100012125830"
"363100012125830"
"363100012145747"
"363100012145747"
"363100012145747"
"363100012150369"
"363100012150369"
"363100012152050"
"363100012152050"
"363100012061385"
"363100012061385"
"363100012062307"
"363100012062307"
"363100012065581"
"363100012065757"
"363100012065757"
"363100012065757"
"363100012069929"
"363100012069929"
"363100012070905"
"363100012070905"
"363100012072783"
"363100012072783"
"363100012073028"
"363100012073028"
"363100012073028"
"363100012073134"
"363100012073475"
"363100012073909"
"363100012075766"
"363100012075766"
"363100012077338"
"363100012077338"
"363100012077540"
"363100012077540"
"363100012077540"
"363100012078489"
"363100012078489"
"363100012078978"
"363100012078978"
"363100012081219"
"363100012081219"
"363100012083496"
"363100012083496"
"363100012083496"
"363100012085463"
"363100012085463"
"363100012086107"
"363100012086948"
"363100012086948"
"363100012087975"
"363100012087975"
"363100012089945"
"363100012090393"
"363100012090989"
"363100012091352"
"363100012093172"
"363100012093172"
"363100012093172"
"363100012093274"
"363100012093274"
"363100012093934"
"363100012093934"
"363100012093934"
"363100012094004"
"363100012094019"
"363100012094019"
"363100012094019"
"363100012094067"
"363100012095337"
"363100012095337"
"363100012095550"
"363100012095550"
"363100012095742"
"363100012095742"
"363100012095742"
"363100012096230"
"363100012096230"
"363100012096429"
"363100012097381"
"363100012097381"
"363100012097381"
"363100012097845"
"363100012097845"
"363100012098669"
"363100012100560"
"363100012100560"
"363100012101251"
"363100012101328"
"363100012101328"
"363100012101328"
"363100012103040"
"363100012103040"
"363100012103040"
"363100012105439"
"363100012105439"
"363100012105522"
"363100012106919"
"363100012106919"
"363100012107620"
"363100012108260"
"363100012108260"
"363100012111295"
"363100012111378"
"363100012112223"
"363100012112223"
"363100012112223"
"363100012112517"
"363100012113165"
"363100012113165"
"363100012113165"
"363100012113519"
"363100012113519"
"363100012113754"
"363100012113920"
"363100012114263"
"363100012114263"
"363100012115468"
"363100012115468"
"363100012116061"
"363100012116061"
"363100012116061"
"363100012120678"
"363100012120678"
"363100012120678"
"363100012121625"
"363100012121625"
"363100012122300"
"363100012124514"
"363100012124514"
"363100012124514"
"363100012125519"
"363100012126827"
"363100012126827"
"363100012127481"
"363100012127481"
"363100012128334"
"363100012130765"
"363100012132917"
"363100012133759"
"363100012133759"
"363100012133759"
"363100012135866"
"363100012135866"
"363100012136663"
"363100012138757"
"363100012138757"
"363100012139022"
"363100012139022"
"363100012139052"
"363100012139052"
"363100012139187"
"363100012139187"
"363100012139355"
"363100012139355"
"363100012139355"
"363100012140663"
"363100012142473"
"363100012142473"
"363100012142765"
"363100012142765"
"363100012142765"
"363100012143590"
"363100012143590"
"363100012144043"
"363100012144096"
"363100012144096"
"363100012144096"
"363100012144105"
"363100012144105"
"363100012145067"
"363100012145067"
"363100012145067"
"363100012145602"
"363100012145602"
"363100012145602"
"363100012146005"
"363100012146098"
"363100012146630"
"363100012146630"
"363100012148182"
"363100012148182"
"363100012148610"
"363100012148797"
"363100012151834"
"363100012151834"
"363100012151834"
"363100012153876"
"363100012153876"
"363100012154631"
"363100012154631"
"363100012239983"
"363100012239983"
"363100012239983"
"363100012242876"
"363100012242876"
"363100012242876"
"363100012064933"
"363100012064933"
"363100012064933"
"363100012118724"
"363100012239986"
"363100012239986"
"363100012239986"
"363100012064847"
"363100012068586"
"363100012071567"
"363100012071567"
"363100012071567"
"363100012073261"
"363100012073883"
"363100012077930"
"363100012077930"
"363100012078094"
"363100012078094"
"363100012078094"
"363100012078803"
"363100012078803"
"363100012078821"
"363100012080063"
"363100012080302"
"363100012081913"
"363100012093187"
"363100012093187"
"363100012093187"
"363100012094640"
"363100012097476"
"363100012097476"
"363100012097476"
"363100012098819"
"363100012102447"
"363100012102447"
"363100012102447"
"363100012109988"
"363100012110159"
"363100012110159"
"363100012114258"
"363100012114258"
"363100012124610"
"363100012124610"
"363100012124610"
"363100012131018"
"363100012132242"
"363100012137772"
"363100012139958"
"363100012146001"
"363100012146001"
"363100012147030"
"363100012147030"
"363100012149442"
"363100012149442"
"363100012115571"
"363100012115571"
"363100012073593"
"363100012076714"
"363100012076714"
"363100012086173"
"363100012100281"
"363100012100281"
"363100012105492"
"363100012107446"
"363100012108814"
"363100012108814"
"363100012112352"
"363100012113554"
"363100012113554"
"363100012113554"
"363100012116491"
"363100012117768"
"363100012119764"
"363100012124809"
"363100012124809"
"363100012126868"
"363100012130932"
"363100012130932"
"363100012130932"
"363100012131209"
"363100012133199"
"363100012151009"
"363100012151377"
"363100012151828"
"363100012153995"
"363100012088554"
"363100012088554"
"363100012088554"
"363100012120193"
"363100012144701"
"363100012144701"
"363100012155106"
"363100012070681"
"363100012070681"
"363100012078600"
"363100012078600"
"363100012103520"
"363100012103520"
"363100012107272"
"363100012108324"
"363100012109209"
"363100012118607"
"363100012118607"
"363100012118607"
"363100012138049"
"363100012142124"
"363100012142124"
"363100012145997"
"363100012150410"
"363100012150410"
"363100012063957"
"363100012066970"
"363100012066970"
"363100012066970"
"363100012072912"
"363100012074660"
"363100012075646"
"363100012075646"
"363100012079018"
"363100012079926"
"363100012079926"
"363100012080549"
"363100012080549"
"363100012080549"
"363100012086166"
"363100012089910"
"363100012089910"
"363100012093582"
"363100012095344"
"363100012095344"
"363100012095344"
"363100012099693"
"363100012099693"
"363100012099693"
"363100012100787"
"363100012100787"
"363100012100787"
"363100012103610"
"363100012103727"
"363100012103727"
"363100012103727"
"363100012104844"
"363100012105167"
"363100012105167"
"363100012105167"
"363100012105330"
"363100012105330"
"363100012105330"
"363100012108302"
"363100012108302"
"363100012112140"
"363100012114447"
"363100012115298"
"363100012115821"
"363100012115821"
"363100012115821"
"363100012117160"
"363100012118621"
"363100012118621"
"363100012118621"
"363100012124110"
"363100012124167"
"363100012124167"
"363100012124167"
"363100012126174"
"363100012127781"
"363100012127781"
"363100012127973"
"363100012128265"
"363100012128265"
"363100012128265"
"363100012131342"
"363100012139975"
"363100012141036"
"363100012141036"
"363100012141650"
"363100012148485"
"363100012155206"
"363100012104378"
"363100012104378"
"363100012062368"
"363100012062368"
"363100012062368"
"363100012065824"
"363100012065824"
"363100012065824"
"363100012068326"
"363100012068326"
"363100012068326"
"363100012068820"
"363100012068820"
"363100012068820"
"363100012070163"
"363100012070163"
"363100012070163"
"363100012074248"
"363100012074248"
"363100012074248"
"363100012075554"
"363100012076702"
"363100012076702"
"363100012076702"
"363100012081187"
"363100012081187"
"363100012081187"
"363100012086569"
"363100012086569"
"363100012086569"
"363100012086572"
"363100012086572"
"363100012086572"
"363100012088763"
"363100012088763"
"363100012088763"
"363100012091266"
"363100012091266"
"363100012091266"
"363100012094306"
"363100012094404"
"363100012094404"
"363100012094404"
"363100012098984"
"363100012098984"
"363100012099716"
"363100012099716"
"363100012099716"
"363100012102691"
"363100012102691"
"363100012102691"
"363100012103312"
"363100012103312"
"363100012103312"
"363100012113378"
"363100012113378"
"363100012113378"
"363100012116361"
"363100012116361"
"363100012116361"
"363100012116603"
"363100012116603"
"363100012116603"
"363100012117977"
"363100012117977"
"363100012117977"
"363100012119991"
"363100012119991"
"363100012119991"
"363100012125703"
"363100012125703"
"363100012125703"
"363100012126721"
"363100012126721"
"363100012126721"
"363100012126857"
"363100012126857"
"363100012126857"
"363100012129005"
"363100012129005"
"363100012129005"
"363100012129046"
"363100012129046"
"363100012129046"
"363100012129190"
"363100012130547"
"363100012130547"
"363100012130547"
"363100012132973"
"363100012132973"
"363100012132973"
"363100012135701"
"363100012135701"
"363100012135701"
"363100012137706"
"363100012137706"
"363100012138378"
"363100012138378"
"363100012138378"
"363100012141955"
"363100012141955"
"363100012141955"
"363100012146297"
"363100012146297"
"363100012146297"
"363100012150961"
"363100012150961"
"363100012150961"
"363100012081968"
"363100012140774"
"363100012140774"
"363100012140774"
"363100012088768"
"363100012088768"
"363100012088768"
"363100012063896"
"363100012063896"
"363100012078450"
"363100012082424"
"363100012082424"
"363100012082424"
"363100012085904"
"363100012091836"
"363100012091836"
"363100012096220"
"363100012096220"
"363100012096220"
"363100012098018"
"363100012098132"
"363100012099846"
"363100012099846"
"363100012108149"
"363100012109310"
"363100012109310"
"363100012114167"
"363100012125832"
"363100012125832"
"363100012126206"
"363100012126206"
"363100012141333"
"363100012149774"
"363100012151208"
"363100012151208"
"363100012244599"
"363100012244599"
"363100012244599"
"363100012079404"
"363100012079404"
"363100012079404"
"363100012096603"
"363100012096603"
"363100012096603"
"363100012102082"
"363100012102082"
"363100012102082"
"363100012129740"
"363100012133812"
"363100012133812"
"363100012133812"
"363100012137573"
"363100012140326"
"363100012140326"
"363100012140326"
"363100012067216"
"363100012067216"
"363100012067216"
"363100012077361"
"363100012077361"
"363100012077361"
"363100012083565"
"363100012083565"
"363100012089670"
"363100012089670"
"363100012091035"
"363100012091035"
"363100012091035"
"363100012095752"
"363100012101662"
"363100012101662"
"363100012101662"
"363100012104263"
"363100012104263"
"363100012104263"
"363100012115589"
"363100012115589"
"363100012115589"
"363100012117740"
"363100012117740"
"363100012120180"
"363100012120180"
"363100012125752"
"363100012125752"
"363100012125752"
"363100012128308"
"363100012130391"
"363100012130391"
"363100012130391"
"363100012139646"
"363100012150567"
"363100012150567"
"363100012150567"
"363100012061433"
"363100012061433"
"363100012062856"
"363100012067178"
"363100012071454"
"363100012071454"
"363100012071454"
"363100012073223"
"363100012077009"
"363100012077009"
"363100012077341"
"363100012079528"
"363100012079960"
"363100012079960"
"363100012084614"
"363100012089021"
"363100012089021"
"363100012089021"
"363100012091034"
"363100012092321"
"363100012092321"
"363100012093360"
"363100012093360"
"363100012096460"
"363100012096460"
"363100012096475"
"363100012102598"
"363100012102598"
"363100012102598"
"363100012103516"
"363100012103516"
"363100012107325"
"363100012107325"
"363100012107325"
"363100012110969"
"363100012110969"
"363100012111681"
"363100012111681"
"363100012111681"
"363100012117486"
"363100012117486"
"363100012117486"
"363100012119800"
"363100012119800"
"363100012120156"
"363100012125289"
"363100012128301"
"363100012128301"
"363100012128301"
"363100012131341"
"363100012131341"
"363100012133801"
"363100012133801"
"363100012135334"
"363100012135334"
"363100012135334"
"363100012135574"
"363100012135574"
"363100012135574"
"363100012136950"
"363100012136950"
"363100012136950"
"363100012138198"
"363100012138198"
"363100012138266"
"363100012138266"
"363100012139232"
"363100012139232"
"363100012139232"
"363100012145665"
"363100012145665"
"363100012145665"
"363100012146238"
"363100012146741"
"363100012146741"
"363100012146741"
"363100012147235"
"363100012155000"
"363100012155000"
"363100012155000"
"363100012155114"
"363100012065810"
"363100012065810"
"363100012065810"
"363100012069761"
"363100012069944"
"363100012069944"
"363100012069944"
"363100012070839"
"363100012071724"
"363100012075395"
"363100012076633"
"363100012076633"
"363100012080260"
"363100012080824"
"363100012080824"
"363100012081929"
"363100012081929"
"363100012086028"
"363100012087905"
"363100012087905"
"363100012090025"
"363100012090025"
"363100012090907"
"363100012090907"
"363100012090907"
"363100012095616"
"363100012095616"
"363100012095948"
"363100012095948"
"363100012095948"
"363100012097739"
"363100012102956"
"363100012102956"
"363100012102956"
"363100012108437"
"363100012108464"
"363100012111010"
"363100012111010"
"363100012114753"
"363100012114753"
"363100012115381"
"363100012115382"
"363100012115382"
"363100012116964"
"363100012116964"
"363100012120582"
"363100012126444"
"363100012130279"
"363100012130905"
"363100012130905"
"363100012133032"
"363100012133032"
"363100012133879"
"363100012135369"
"363100012138808"
"363100012138808"
"363100012142483"
"363100012142483"
"363100012142483"
"363100012143549"
"363100012144035"
"363100012148889"
"363100012149964"
"363100012149964"
"363100012094453"
"363100012094453"
"363100012095389"
"363100012095934"
"363100012095934"
"363100012123223"
"363100012123941"
"363100012123941"
"363100012136103"
"363100012136103"
"363100012137185"
"363100012137185"
"363100012137185"
"363100012149669"
"363100012152148"
"363100012061888"
"363100012074125"
"363100012075902"
"363100012075902"
"363100012076643"
"363100012076643"
"363100012077495"
"363100012077495"
"363100012077495"
"363100012078660"
"363100012078660"
"363100012080656"
"363100012080656"
"363100012080656"
"363100012082363"
"363100012082363"
"363100012083814"
"363100012083814"
"363100012088984"
"363100012091385"
"363100012091412"
"363100012091412"
"363100012091412"
"363100012091421"
"363100012091421"
"363100012095130"
"363100012097641"
"363100012097641"
"363100012103488"
"363100012103488"
"363100012108481"
"363100012108481"
"363100012110048"
"363100012110048"
"363100012112938"
"363100012112938"
"363100012116502"
"363100012116502"
"363100012118334"
"363100012118334"
"363100012127751"
"363100012127751"
"363100012127751"
"363100012133096"
"363100012133096"
"363100012133096"
"363100012133258"
"363100012133258"
"363100012133258"
"363100012133843"
"363100012133843"
"363100012138766"
"363100012138766"
"363100012138766"
"363100012139992"
"363100012143356"
"363100012143356"
"363100012154751"
"363100012166376"
"363100012166376"
"363100012166376"
"363100012242970"
"363100012242970"
"363100012242975"
"363100012242975"
"363100012242975"
"363100012062322"
"363100012062322"
"363100012064760"
"363100012064760"
"363100012064760"
"363100012076199"
"363100012076199"
"363100012078913"
"363100012078913"
"363100012084790"
"363100012084790"
"363100012084790"
"363100012091471"
"363100012091471"
"363100012091471"
"363100012091759"
"363100012091759"
"363100012091759"
"363100012095992"
"363100012099203"
"363100012099203"
"363100012099203"
"363100012100667"
"363100012100667"
"363100012111712"
"363100012116332"
"363100012116332"
"363100012116332"
"363100012117955"
"363100012117955"
"363100012117955"
"363100012118345"
"363100012118345"
"363100012118345"
"363100012118469"
"363100012118469"
"363100012122028"
"363100012123817"
"363100012128500"
"363100012135403"
"363100012135403"
"363100012135403"
"363100012135614"
"363100012135614"
"363100012135614"
"363100012142469"
"363100012146178"
"363100012146178"
"363100012146178"
"363100012147551"
"363100012147551"
"363100012147551"
"363100012152074"
"363100012152074"
"363100012152074"
"363100012154916"
"363100012154916"
"363100012154916"
"363100012159246"
"363100012159246"
"363100012159246"
"363100012242978"
"363100012242978"
"363100012242978"
"363100012242979"
"363100012242979"
"363100012242979"
"363100012242984"
"363100012242984"
"363100012242984"
"363100012242986"
"363100012242986"
"363100012063820"
"363100012064950"
"363100012064950"
"363100012066023"
"363100012066023"
"363100012066324"
"363100012067492"
"363100012067492"
"363100012067492"
"363100012068317"
"363100012072193"
"363100012072193"
"363100012072755"
"363100012072755"
"363100012072755"
"363100012073217"
"363100012073217"
"363100012073217"
"363100012073805"
"363100012075450"
"363100012075450"
"363100012075450"
"363100012079326"
"363100012079455"
"363100012079455"
"363100012079455"
"363100012079683"
"363100012079683"
"363100012079683"
"363100012080152"
"363100012080152"
"363100012080152"
"363100012084477"
"363100012085567"
"363100012085567"
"363100012085567"
"363100012086384"
"363100012086384"
"363100012086384"
"363100012086968"
"363100012086968"
"363100012086968"
"363100012089014"
"363100012089516"
"363100012089516"
"363100012089516"
"363100012091615"
"363100012091615"
"363100012091615"
"363100012091641"
"363100012091641"
"363100012091641"
"363100012092352"
"363100012092352"
"363100012092352"
"363100012093698"
"363100012096019"
"363100012096019"
"363100012096019"
"363100012096621"
"363100012096621"
"363100012097224"
"363100012097224"
"363100012097224"
"363100012099081"
"363100012099081"
"363100012099081"
"363100012100655"
"363100012101215"
"363100012101215"
"363100012104257"
"363100012104257"
"363100012104257"
"363100012106162"
"363100012107265"
"363100012107265"
"363100012107265"
"363100012110017"
"363100012110017"
"363100012110017"
"363100012110038"
"363100012110038"
"363100012111174"
"363100012111174"
"363100012112088"
"363100012112088"
"363100012114031"
"363100012119056"
"363100012119056"
"363100012121321"
"363100012121321"
"363100012121321"
"363100012122207"
"363100012122207"
"363100012122207"
"363100012122281"
"363100012122281"
"363100012122281"
"363100012122738"
"363100012124686"
"363100012124686"
"363100012124686"
"363100012124912"
"363100012124912"
"363100012124912"
"363100012128039"
"363100012128039"
"363100012128039"
"363100012129527"
"363100012129527"
"363100012129527"
"363100012132412"
"363100012132412"
"363100012137045"
"363100012137045"
"363100012137045"
"363100012141772"
"363100012141772"
"363100012142993"
"363100012142993"
"363100012142993"
"363100012147549"
"363100012147549"
"363100012147549"
"363100012147699"
"363100012147699"
"363100012149601"
"363100012149601"
"363100012153060"
"363100012153060"
"363100012153060"
"363100012155217"
"363100012155217"
"363100012155217"
"363100012156745"
"363100012156745"
"363100012157143"
"363100012157143"
"363100012157143"
"363100012159128"
"363100012159128"
"363100012159128"
"363100012159434"
"363100012159434"
"363100012159434"
"363100012163490"
"363100012163490"
"363100012163490"
"363100012186143"
"363100012186143"
"363100012186143"
"363100012197254"
"363100012208951"
"363100012208951"
"363100012208951"
"363100012222388"
"363100012240425"
"363100012240425"
"363100012242468"
"363100012242468"
"363100012242468"
"363100012243151"
"363100012243151"
"363100012243151"
"363100012243271"
"363100012243271"
"363100012243271"
"363100012243781"
"363100012243788"
"363100012066653"
"363100012066653"
"363100012066653"
"363100012071452"
"363100012071452"
"363100012071452"
"363100012075618"
"363100012085100"
"363100012085100"
"363100012085100"
"363100012089536"
"363100012089536"
"363100012089536"
"363100012099896"
"363100012099896"
"363100012099896"
"363100012103117"
"363100012103333"
"363100012103333"
"363100012110559"
"363100012110559"
"363100012118090"
"363100012118090"
"363100012118090"
"363100012122345"
"363100012128727"
"363100012128727"
"363100012128727"
"363100012134836"
"363100012134836"
"363100012134836"
"363100012130185"
"363100012130185"
"363100012130185"
"363100012064106"
"363100012064106"
"363100012064106"
"363100012094601"
"363100012094601"
"363100012098094"
"363100012098094"
"363100012120097"
"363100012120097"
"363100012120097"
"363100012120697"
"363100012120697"
"363100012120697"
"363100012125727"
"363100012125727"
"363100012125727"
"363100012139997"
"363100012141672"
"363100012141672"
"363100012142471"
"363100012142471"
"363100012142471"
"363100012143169"
"363100012143169"
"363100012143169"
"363100012147631"
"363100012147631"
"363100012147631"
"363100012067121"
"363100012067121"
"363100012068698"
"363100012068698"
"363100012070328"
"363100012070328"
"363100012071002"
"363100012071002"
"363100012071815"
"363100012073092"
"363100012074255"
"363100012074255"
"363100012074255"
"363100012074377"
"363100012074377"
"363100012083531"
"363100012083531"
"363100012083531"
"363100012086542"
"363100012086542"
"363100012089712"
"363100012089712"
"363100012092409"
"363100012092832"
"363100012092832"
"363100012093993"
"363100012093993"
"363100012093993"
"363100012094025"
"363100012094025"
"363100012095809"
"363100012097295"
"363100012097295"
"363100012097484"
"363100012102702"
"363100012105670"
"363100012105670"
"363100012107169"
"363100012109073"
"363100012109124"
"363100012122850"
"363100012122850"
"363100012122876"
"363100012122876"
"363100012129852"
"363100012129852"
"363100012130045"
"363100012130045"
"363100012134309"
"363100012134309"
"363100012143231"
"363100012143231"
"363100012144761"
"363100012144761"
"363100012144761"
"363100012145224"
"363100012147816"
"363100012147816"
"363100012147816"
"363100012147931"
"363100012147931"
"363100012148859"
"363100012153514"
"363100012153514"
"363100012153514"
"363100012155859"
"363100012155859"
"363100012155859"
"363100012160143"
"363100012160143"
"363100012165845"
"363100012165845"
"363100012165845"
"363100012166133"
"363100012166133"
"363100012166133"
"363100012221911"
"363100012221911"
"363100012221911"
"363100012221914"
"363100012221914"
"363100012061199"
"363100012065925"
"363100012074957"
"363100012074957"
"363100012081037"
"363100012081037"
"363100012088336"
"363100012092111"
"363100012092111"
"363100012102036"
"363100012102036"
"363100012102036"
"363100012103004"
"363100012105916"
"363100012105916"
"363100012105916"
"363100012112433"
"363100012112433"
"363100012112433"
"363100012116318"
"363100012116318"
"363100012117223"
"363100012117223"
"363100012123701"
"363100012123701"
"363100012124750"
"363100012125664"
"363100012128690"
"363100012128690"
"363100012139428"
"363100012139428"
"363100012143286"
"363100012143286"
"363100012143286"
"363100012148308"
"363100012148567"
"363100012148567"
"363100012154406"
"363100012154406"
"363100012149564"
"363100012074069"
"363100012074069"
"363100012074069"
"363100012079163"
"363100012079163"
"363100012094284"
"363100012094284"
"363100012094284"
"363100012103058"
"363100012103058"
"363100012103058"
"363100012152860"
"363100012152860"
"363100012153265"
"363100012153552"
"363100012153552"
"363100012154183"
"363100012154183"
"363100012154277"
"363100012154314"
"363100012154314"
"363100012155452"
"363100012157046"
"363100012158522"
"363100012159669"
"363100012160442"
"363100012160442"
"363100012160647"
"363100012160647"
"363100012161513"
"363100012161703"
"363100012166545"
"363100012166545"
"363100012166545"
"363100012061227"
"363100012062078"
"363100012082242"
"363100012083833"
"363100012092762"
"363100012092762"
"363100012095304"
"363100012106558"
"363100012111503"
"363100012120298"
"363100012120298"
"363100012120298"
"363100012124343"
"363100012125207"
"363100012134743"
"363100012152820"
"363100012153005"
"363100012153382"
"363100012153558"
"363100012153616"
"363100012153653"
"363100012154238"
"363100012155987"
"363100012156457"
"363100012156692"
"363100012156984"
"363100012156984"
"363100012157320"
"363100012157778"
"363100012157959"
"363100012157965"
"363100012158165"
"363100012158165"
"363100012158165"
"363100012158965"
"363100012158965"
"363100012159435"
"363100012159655"
"363100012159655"
"363100012159665"
"363100012159665"
"363100012159665"
"363100012160207"
"363100012160207"
"363100012160314"
"363100012160314"
"363100012160558"
"363100012160558"
"363100012161044"
"363100012161617"
"363100012161617"
"363100012161617"
"363100012161933"
"363100012161933"
"363100012162356"
"363100012162356"
"363100012162356"
"363100012162360"
"363100012162491"
"363100012162523"
"363100012162563"
"363100012163059"
"363100012163601"
"363100012163675"
"363100012163908"
"363100012163939"
"363100012164052"
"363100012164415"
"363100012164415"
"363100012164415"
"363100012164870"
"363100012164870"
"363100012164870"
"363100012165266"
"363100012165266"
"363100012165863"
"363100012165863"
"363100012165863"
"363100012166146"
"363100012166146"
"363100012166657"
"363100012166657"
"363100012166657"
"363100012167380"
"363100012167380"
"363100012167380"
"363100012227614"
"363100012227614"
"363100012227614"
"363100012065694"
"363100012065694"
"363100012073871"
"363100012076847"
"363100012076847"
"363100012085273"
"363100012085551"
"363100012085551"
"363100012091857"
"363100012097194"
"363100012097194"
"363100012097194"
"363100012100827"
"363100012101446"
"363100012107414"
"363100012107414"
"363100012107414"
"363100012107421"
"363100012111936"
"363100012111936"
"363100012117449"
"363100012124607"
"363100012127331"
"363100012131487"
"363100012133441"
"363100012133441"
"363100012133441"
"363100012135714"
"363100012138246"
"363100012147788"
"363100012147788"
"363100012153408"
"363100012153408"
"363100012153473"
"363100012153473"
"363100012155355"
"363100012155355"
"363100012155355"
"363100012155768"
"363100012156207"
"363100012156207"
"363100012157990"
"363100012158856"
"363100012158856"
"363100012158856"
"363100012161019"
"363100012162460"
"363100012163483"
"363100012165252"
"363100012165252"
"363100012165252"
"363100012166408"
"363100012221410"
"363100012221410"
"363100012221410"
"363100012240473"
"363100012240473"
"363100012240474"
"363100012240474"
"363100012240474"
"363100012070705"
"363100012242775"
"363100012242776"
"363100012242776"
"363100012242777"
"363100012242778"
"363100012242778"
"363100012242779"
"363100012242780"
"363100012242783"
"363100012242786"
"363100012242795"
"363100012242800"
"363100012067424"
"363100012069442"
"363100012069442"
"363100012078185"
"363100012087331"
"363100012109717"
"363100012114230"
"363100012140886"
"363100012143644"
"363100012143644"
"363100012079384"
"363100012113573"
"363100012135335"
"363100012137450"
"363100012240105"
"363100012240105"
"363100012240109"
"363100012241098"
"363100012241099"
"363100012241099"
"363100012241102"
"363100012241110"
"363100012241110"
"363100012241111"
"363100012241119"
"363100012241119"
"363100012241119"
"363100012241120"
"363100012241120"
"363100012241120"
"363100012241121"
"363100012241126"
"363100012241127"
"363100012241128"
"363100012241128"
"363100012241128"
"363100012241129"
"363100012241129"
"363100012241129"
"363100012241130"
"363100012241130"
"363100012241131"
"363100012241131"
"363100012241131"
"363100012241132"
"363100012241133"
"363100012241134"
"363100012241142"
"363100012241143"
"363100012241143"
"363100012241144"
"363100012241144"
"363100012241145"
"363100012241145"
"363100012241146"
"363100012241147"
"363100012241147"
"363100012241147"
"363100012241148"
"363100012241148"
"363100012241148"
"363100012241149"
"363100012241149"
"363100012241149"
"363100012241150"
"363100012241350"
"363100012241350"
"363100012242156"
"363100012242156"
"363100012242157"
"363100012064546"
"363100012070525"
"363100012071624"
"363100012077969"
"363100012077969"
"363100012080092"
"363100012083269"
"363100012083857"
"363100012083857"
"363100012089042"
"363100012089042"
"363100012093648"
"363100012094250"
"363100012094250"
"363100012094300"
"363100012102400"
"363100012105331"
"363100012109878"
"363100012113126"
"363100012113714"
"363100012115115"
"363100012116290"
"363100012117610"
"363100012120914"
"363100012126414"
"363100012126952"
"363100012127424"
"363100012127862"
"363100012127862"
"363100012129995"
"363100012131149"
"363100012131149"
"363100012132697"
"363100012136107"
"363100012136382"
"363100012136984"
"363100012137136"
"363100012141352"
"363100012141352"
"363100012142024"
"363100012143398"
"363100012146586"
"363100012146586"
"363100012147056"
"363100012147891"
"363100012148919"
"363100012148919"
"363100012148919"
"363100012151423"
"363100012151423"
"363100012239794"
"363100012239794"
"363100012239794"
"363100012240082"
"363100012240082"
"363100012240083"
"363100012240083"
"363100012240103"
"363100012061824"
"363100012064364"
"363100012064364"
"363100012064555"
"363100012064555"
"363100012066248"
"363100012066248"
"363100012066303"
"363100012068733"
"363100012073315"
"363100012073583"
"363100012074539"
"363100012075675"
"363100012080400"
"363100012083318"
"363100012083318"
"363100012089016"
"363100012090959"
"363100012090985"
"363100012091282"
"363100012092586"
"363100012093220"
"363100012093220"
"363100012098455"
"363100012098455"
"363100012098969"
"363100012099493"
"363100012100923"
"363100012103077"
"363100012104388"
"363100012104388"
"363100012107465"
"363100012116089"
"363100012118019"
"363100012118019"
"363100012118939"
"363100012118939"
"363100012119016"
"363100012119266"
"363100012120066"
"363100012120066"
"363100012120310"
"363100012123510"
"363100012123764"
"363100012125508"
"363100012127370"
"363100012132740"
"363100012133989"
"363100012133989"
"363100012139690"
"363100012139690"
"363100012144771"
"363100012144886"
"363100012144886"
"363100012146096"
"363100012146196"
"363100012146605"
"363100012146605"
"363100012148043"
"363100012148043"
"363100012148695"
"363100012148695"
"363100012149834"
"363100012149834"
"363100012150774"
"363100012152142"
"363100012153978"
"363100012154866"
"363100012155167"
"363100012073258"
"363100012097831"
"363100012101500"
"363100012106902"
"363100012141994"
"363100012239425"
"363100012239438"
"363100012239442"
"363100012239442"
"363100012239442"
"363100012239707"
"363100012239709"
"363100012239757"
"363100012239757"
"363100012239810"
"363100012241322"
"363100012241331"
"363100012241333"
"363100012241351"
"363100012241351"
"363100012242909"
"363100012242909"
"363100012242909"
"363100012242910"
"363100012242910"
"363100012242910"
"363100012242911"
"363100012242911"
"363100012242911"
"363100012242912"
"363100012242912"
"363100012242912"
"363100012242913"
"363100012242913"
"363100012242913"
"363100012242914"
"363100012242914"
"363100012242914"
"363100012242915"
"363100012242915"
"363100012242915"
"363100012242916"
"363100012242916"
"363100012242916"
"363100012242917"
"363100012243647"
"363100012243649"
"363100012243650"
"363100012243651"
"363100012243652"
"363100012243652"
"363100012243653"
"363100012243656"
"363100012243657"
"363100012243657"
"363100012243658"
"363100012243658"
"363100012243659"
"363100012243662"
"363100012243662"
"363100012243663"
"363100012243663"
"363100012243664"
"363100012243664"
"363100012243664"
"363100012243665"
"363100012061380"
"363100012061380"
"363100012061380"
"363100012061428"
"363100012061428"
"363100012061428"
"363100012061984"
"363100012061984"
"363100012061984"
"363100012065059"
"363100012065059"
"363100012065114"
"363100012066934"
"363100012066934"
"363100012066934"
"363100012069289"
"363100012069289"
"363100012069289"
"363100012070207"
"363100012073190"
"363100012073478"
"363100012075390"
"363100012075390"
"363100012075832"
"363100012075832"
"363100012075832"
"363100012078269"
"363100012083824"
"363100012085386"
"363100012086299"
"363100012087985"
"363100012088069"
"363100012088069"
"363100012088069"
"363100012089814"
"363100012089814"
"363100012090146"
"363100012092142"
"363100012092142"
"363100012092143"
"363100012092143"
"363100012093556"
"363100012093556"
"363100012093556"
"363100012096371"
"363100012096371"
"363100012098449"
"363100012098449"
"363100012098449"
"363100012099919"
"363100012099919"
"363100012099919"
"363100012100754"
"363100012100754"
"363100012100754"
"363100012100871"
"363100012100871"
"363100012101531"
"363100012101531"
"363100012103849"
"363100012106250"
"363100012106377"
"363100012106377"
"363100012106377"
"363100012106580"
"363100012107161"
"363100012109456"
"363100012109456"
"363100012109631"
"363100012109631"
"363100012109631"
"363100012110721"
"363100012110922"
"363100012114611"
"363100012114611"
"363100012115965"
"363100012115965"
"363100012117718"
"363100012117718"
"363100012117718"
"363100012120751"
"363100012122094"
"363100012122094"
"363100012123862"
"363100012127569"
"363100012128062"
"363100012128062"
"363100012131066"
"363100012132014"
"363100012132014"
"363100012132014"
"363100012135567"
"363100012135567"
"363100012135567"
"363100012137585"
"363100012139378"
"363100012139514"
"363100012140368"
"363100012140368"
"363100012140375"
"363100012140375"
"363100012141873"
"363100012142541"
"363100012145605"
"363100012147411"
"363100012147411"
"363100012147411"
"363100012147563"
"363100012147563"
"363100012148679"
"363100012148980"
"363100012148980"
"363100012149737"
"363100012149737"
"363100012154704"
"363100012064764"
"363100012069592"
"363100012070645"
"363100012073339"
"363100012073971"
"363100012078721"
"363100012080461"
"363100012080461"
"363100012102250"
"363100012104057"
"363100012104057"
"363100012115051"
"363100012125463"
"363100012125463"
"363100012132078"
"363100012134510"
"363100012064193"
"363100012085485"
"363100012121028"
"363100012134692"
"363100012134692"
"363100012134692"
"363100012138295"
"363100012240127"
"363100012240127"
"363100012240127"
"363100012240128"
"363100012240128"
"363100012240128"
"363100012240129"
"363100012240129"
"363100012240129"
"363100012240132"
"363100012240132"
"363100012240138"
"363100012061426"
"363100012062144"
"363100012062144"
"363100012062640"
"363100012062640"
"363100012062884"
"363100012063294"
"363100012063485"
"363100012063485"
"363100012063723"
"363100012063723"
"363100012064530"
"363100012064956"
"363100012066311"
"363100012066845"
"363100012066845"
"363100012069099"
"363100012069099"
"363100012069099"
"363100012069217"
"363100012069217"
"363100012069687"
"363100012069687"
"363100012069687"
"363100012070096"
"363100012070096"
"363100012070096"
"363100012071393"
"363100012071393"
"363100012071489"
"363100012071491"
"363100012071550"
"363100012072270"
"363100012072270"
"363100012073987"
"363100012073987"
"363100012074916"
"363100012074916"
"363100012075615"
"363100012075748"
"363100012076512"
"363100012076512"
"363100012076512"
"363100012076814"
"363100012076814"
"363100012077203"
"363100012077203"
"363100012077203"
"363100012077415"
"363100012077415"
"363100012077556"
"363100012077556"
"363100012077556"
"363100012078852"
"363100012078867"
"363100012078867"
"363100012079486"
"363100012079779"
"363100012079779"
"363100012079939"
"363100012079939"
"363100012080105"
"363100012080105"
"363100012080105"
"363100012081761"
"363100012081761"
"363100012081761"
"363100012082204"
"363100012083557"
"363100012083557"
"363100012083557"
"363100012083951"
"363100012084751"
"363100012084751"
"363100012084856"
"363100012084938"
"363100012085265"
"363100012085265"
"363100012085464"
"363100012085464"
"363100012085464"
"363100012086034"
"363100012087209"
"363100012087385"
"363100012087385"
"363100012087722"
"363100012087851"
"363100012087851"
"363100012089254"
"363100012089605"
"363100012089897"
"363100012089897"
"363100012090401"
"363100012090559"
"363100012091153"
"363100012091153"
"363100012091337"
"363100012091524"
"363100012091524"
"363100012091550"
"363100012091550"
"363100012091978"
"363100012092639"
"363100012092744"
"363100012092744"
"363100012092744"
"363100012093027"
"363100012093027"
"363100012093469"
"363100012094008"
"363100012094043"
"363100012094043"
"363100012094043"
"363100012094481"
"363100012094481"
"363100012094551"
"363100012094551"
"363100012094554"
"363100012094575"
"363100012095329"
"363100012096420"
"363100012096420"
"363100012097527"
"363100012097751"
"363100012097751"
"363100012097751"
"363100012098111"
"363100012098111"
"363100012098111"
"363100012098556"
"363100012098556"
"363100012099451"
"363100012099464"
"363100012099483"
"363100012100395"
"363100012100868"
"363100012100868"
"363100012101017"
"363100012101017"
"363100012101226"
"363100012101226"
"363100012101226"
"363100012101444"
"363100012101963"
"363100012101963"
"363100012102138"
"363100012102138"
"363100012102138"
"363100012102241"
"363100012102871"
"363100012102871"
"363100012103769"
"363100012104023"
"363100012104023"
"363100012104189"
"363100012104189"
"363100012104189"
"363100012106495"
"363100012106640"
"363100012106640"
"363100012106640"
"363100012106875"
"363100012106875"
"363100012106917"
"363100012106917"
"363100012107191"
"363100012107701"
"363100012107701"
"363100012109646"
"363100012109646"
"363100012109693"
"363100012110393"
"363100012111639"
"363100012113443"
"363100012113995"
"363100012115333"
"363100012117031"
"363100012117031"
"363100012118335"
"363100012119269"
"363100012119269"
"363100012119756"
"363100012119756"
"363100012120455"
"363100012120455"
"363100012120718"
"363100012120718"
"363100012120718"
"363100012120728"
"363100012120728"
"363100012120728"
"363100012121120"
"363100012123090"
"363100012123090"
"363100012123292"
"363100012123323"
"363100012123843"
"363100012123923"
"363100012124308"
"363100012125466"
"363100012126947"
"363100012126947"
"363100012127500"
"363100012128594"
"363100012128594"
"363100012129950"
"363100012130159"
"363100012130255"
"363100012132505"
"363100012132505"
"363100012132772"
"363100012132772"
"363100012133861"
"363100012134178"
"363100012134349"
"363100012134786"
"363100012134786"
"363100012135228"
"363100012135228"
"363100012135302"
"363100012135302"
"363100012135302"
"363100012135410"
"363100012135410"
"363100012136918"
"363100012137874"
"363100012137957"
"363100012137957"
"363100012137957"
"363100012138067"
"363100012138691"
"363100012138827"
"363100012138827"
"363100012138827"
"363100012138922"
"363100012138922"
"363100012139112"
"363100012139112"
"363100012139112"
"363100012139662"
"363100012141245"
"363100012141245"
"363100012141284"
"363100012141481"
"363100012141481"
"363100012141481"
"363100012141572"
"363100012141572"
"363100012141779"
"363100012141779"
"363100012142913"
"363100012143550"
"363100012143550"
"363100012143550"
"363100012143989"
"363100012143999"
"363100012144659"
"363100012144659"
"363100012145922"
"363100012145922"
"363100012146533"
"363100012146533"
"363100012147795"
"363100012147868"
"363100012147868"
"363100012148009"
"363100012148009"
"363100012148465"
"363100012148753"
"363100012150084"
"363100012150084"
"363100012150084"
"363100012150492"
"363100012150492"
"363100012151697"
"363100012151697"
"363100012151697"
"363100012151920"
"363100012151920"
"363100012153935"
"363100012153935"
"363100012153935"
"363100012154637"
"363100012154637"
"363100012154966"
"363100012240124"
"363100012240124"
"363100012240125"
"363100012240125"
"363100012240125"
"363100012240126"
"363100012240126"
"363100012242034"
"363100012067160"
"363100012067160"
"363100012067379"
"363100012068315"
"363100012073739"
"363100012074078"
"363100012074078"
"363100012074078"
"363100012076160"
"363100012076160"
"363100012076160"
"363100012077095"
"363100012078519"
"363100012078519"
"363100012078519"
"363100012082479"
"363100012082479"
"363100012082479"
"363100012085507"
"363100012085507"
"363100012085507"
"363100012086179"
"363100012086179"
"363100012087154"
"363100012088207"
"363100012088207"
"363100012088207"
"363100012092826"
"363100012092826"
"363100012092826"
"363100012093436"
"363100012093619"
"363100012097820"
"363100012097897"
"363100012100703"
"363100012101163"
"363100012101465"
"363100012101465"
"363100012104364"
"363100012104364"
"363100012105767"
"363100012106212"
"363100012106552"
"363100012106552"
"363100012106552"
"363100012107293"
"363100012107293"
"363100012107912"
"363100012108612"
"363100012108612"
"363100012109778"
"363100012109778"
"363100012111807"
"363100012111807"
"363100012111807"
"363100012124474"
"363100012124891"
"363100012124891"
"363100012124891"
"363100012125251"
"363100012125251"
"363100012129501"
"363100012132027"
"363100012132027"
"363100012134177"
"363100012134177"
"363100012134177"
"363100012134346"
"363100012134346"
"363100012136365"
"363100012139432"
"363100012141366"
"363100012141366"
"363100012141366"
"363100012142686"
"363100012143936"
"363100012144169"
"363100012150598"
"363100012150598"
"363100012155064"
"363100012155064"
"363100012240139"
"363100012240144"
"363100012240144"
"363100012061915"
"363100012062988"
"363100012063720"
"363100012063720"
"363100012070000"
"363100012073526"
"363100012077209"
"363100012077209"
"363100012080433"
"363100012081055"
"363100012081055"
"363100012084820"
"363100012087007"
"363100012088213"
"363100012093523"
"363100012093523"
"363100012095333"
"363100012095333"
"363100012096075"
"363100012097254"
"363100012098990"
"363100012099848"
"363100012101230"
"363100012105911"
"363100012105911"
"363100012109220"
"363100012112319"
"363100012123070"
"363100012123370"
"363100012125150"
"363100012132976"
"363100012132976"
"363100012133440"
"363100012133440"
"363100012138559"
"363100012139660"
"363100012139660"
"363100012140791"
"363100012140791"
"363100012143477"
"363100012144326"
"363100012145076"
"363100012145076"
"363100012146585"
"363100012154632"
"363100012105161"
"363100012105161"
"363100012063316"
"363100012063316"
"363100012063316"
"363100012063398"
"363100012063398"
"363100012063398"
"363100012063467"
"363100012063950"
"363100012063950"
"363100012065585"
"363100012065627"
"363100012065627"
"363100012066281"
"363100012066281"
"363100012069393"
"363100012069393"
"363100012069393"
"363100012069441"
"363100012073285"
"363100012073285"
"363100012073285"
"363100012073425"
"363100012073425"
"363100012073425"
"363100012074648"
"363100012074648"
"363100012074648"
"363100012074754"
"363100012075967"
"363100012076106"
"363100012076106"
"363100012076116"
"363100012077111"
"363100012077111"
"363100012077133"
"363100012077133"
"363100012079713"
"363100012080920"
"363100012080940"
"363100012080940"
"363100012080940"
"363100012086623"
"363100012086623"
"363100012086623"
"363100012092415"
"363100012092415"
"363100012092415"
"363100012092837"
"363100012094670"
"363100012094670"
"363100012094670"
"363100012098161"
"363100012098161"
"363100012099153"
"363100012099153"
"363100012099795"
"363100012099795"
"363100012099795"
"363100012100958"
"363100012100958"
"363100012100958"
"363100012101643"
"363100012101643"
"363100012103176"
"363100012105446"
"363100012105446"
"363100012105446"
"363100012105903"
"363100012105903"
"363100012105903"
"363100012105992"
"363100012105992"
"363100012105992"
"363100012108620"
"363100012108620"
"363100012108620"
"363100012110257"
"363100012111347"
"363100012111347"
"363100012111347"
"363100012113663"
"363100012113663"
"363100012114205"
"363100012114205"
"363100012114205"
"363100012116358"
"363100012116367"
"363100012116367"
"363100012116367"
"363100012116533"
"363100012116533"
"363100012116569"
"363100012116569"
"363100012116569"
"363100012118072"
"363100012118072"
"363100012118072"
"363100012120355"
"363100012120355"
"363100012120355"
"363100012121431"
"363100012121956"
"363100012121956"
"363100012121956"
"363100012126466"
"363100012127518"
"363100012127518"
"363100012127518"
"363100012127629"
"363100012127629"
"363100012131918"
"363100012133255"
"363100012133255"
"363100012133255"
"363100012135937"
"363100012141258"
"363100012141258"
"363100012143722"
"363100012143722"
"363100012143722"
"363100012143734"
"363100012143734"
"363100012143734"
"363100012144645"
"363100012144645"
"363100012146924"
"363100012146924"
"363100012146924"
"363100012147571"
"363100012147571"
"363100012148693"
"363100012148693"
"363100012148693"
"363100012149267"
"363100012149267"
"363100012149267"
"363100012150750"
"363100012154515"
"363100012189650"
"363100012213638"
"363100012213638"
"363100012213638"
"363100012213639"
"363100012213639"
"363100012213639"
"363100012247060"
"363100012247060"
"363100012247060"
"363100012247071"
"363100012247071"
"363100012247071"
"363100012062309"
"363100012062573"
"363100012063858"
"363100012069989"
"363100012070146"
"363100012070146"
"363100012070146"
"363100012071241"
"363100012072552"
"363100012072552"
"363100012074066"
"363100012074066"
"363100012075904"
"363100012077717"
"363100012079942"
"363100012083308"
"363100012086301"
"363100012086301"
"363100012086301"
"363100012089433"
"363100012089433"
"363100012092693"
"363100012092905"
"363100012094553"
"363100012097912"
"363100012097912"
"363100012097912"
"363100012098619"
"363100012098619"
"363100012102780"
"363100012105642"
"363100012105642"
"363100012105953"
"363100012107275"
"363100012107275"
"363100012108265"
"363100012108892"
"363100012108892"
"363100012108892"
"363100012111939"
"363100012111939"
"363100012112283"
"363100012112394"
"363100012114372"
"363100012114372"
"363100012115836"
"363100012116610"
"363100012116610"
"363100012120433"
"363100012120995"
"363100012123457"
"363100012123906"
"363100012123906"
"363100012126964"
"363100012127352"
"363100012127705"
"363100012127705"
"363100012127705"
"363100012130269"
"363100012130269"
"363100012135255"
"363100012136681"
"363100012136872"
"363100012136872"
"363100012136872"
"363100012138750"
"363100012138750"
"363100012142674"
"363100012142674"
"363100012148218"
"363100012148218"
"363100012148218"
"363100012150307"
"363100012150552"
"363100012067420"
"363100012068657"
"363100012076135"
"363100012077371"
"363100012082061"
"363100012088270"
"363100012088270"
"363100012088892"
"363100012088892"
"363100012089903"
"363100012091411"
"363100012091411"
"363100012091411"
"363100012091697"
"363100012091697"
"363100012091697"
"363100012095888"
"363100012096950"
"363100012100936"
"363100012100936"
"363100012100937"
"363100012101813"
"363100012105131"
"363100012105131"
"363100012108780"
"363100012110114"
"363100012110114"
"363100012112012"
"363100012117594"
"363100012118370"
"363100012118370"
"363100012118370"
"363100012121575"
"363100012121575"
"363100012121783"
"363100012122863"
"363100012122863"
"363100012122863"
"363100012129290"
"363100012129290"
"363100012129290"
"363100012129394"
"363100012129394"
"363100012129394"
"363100012130361"
"363100012130361"
"363100012130361"
"363100012131933"
"363100012134634"
"363100012134634"
"363100012134634"
"363100012135331"
"363100012139639"
"363100012148554"
"363100012148554"
"363100012149131"
"363100012149131"
"363100012149131"
"363100012150978"
"363100012156578"
"363100012156578"
"363100012156578"
"363100012085012"
"363100012106232"
"363100012106232"
"363100012062347"
"363100012063221"
"363100012063221"
"363100012065204"
"363100012070702"
"363100012070702"
"363100012070702"
"363100012070784"
"363100012070784"
"363100012072424"
"363100012074084"
"363100012074863"
"363100012076783"
"363100012081267"
"363100012081267"
"363100012081290"
"363100012081290"
"363100012083240"
"363100012083330"
"363100012085525"
"363100012086308"
"363100012087728"
"363100012090209"
"363100012091562"
"363100012094186"
"363100012094445"
"363100012102973"
"363100012102973"
"363100012102973"
"363100012108772"
"363100012109696"
"363100012112604"
"363100012113424"
"363100012113424"
"363100012113424"
"363100012114093"
"363100012116024"
"363100012116415"
"363100012118449"
"363100012119653"
"363100012119841"
"363100012123792"
"363100012124107"
"363100012124107"
"363100012125098"
"363100012125098"
"363100012128138"
"363100012128138"
"363100012128138"
"363100012128888"
"363100012128888"
"363100012131445"
"363100012135635"
"363100012135635"
"363100012135635"
"363100012136109"
"363100012136832"
"363100012137354"
"363100012137354"
"363100012138002"
"363100012138002"
"363100012141896"
"363100012143061"
"363100012145396"
"363100012145396"
"363100012145396"
"363100012150547"
"363100012150589"
"363100012154518"
"363100012154518"
"363100012240464"
"363100012240464"
"363100012240466"
"363100012240467"
"363100012062336"
"363100012064597"
"363100012065038"
"363100012065915"
"363100012066337"
"363100012066337"
"363100012067195"
"363100012067195"
"363100012067267"
"363100012067977"
"363100012067977"
"363100012068727"
"363100012070600"
"363100012072165"
"363100012074002"
"363100012080477"
"363100012080477"
"363100012080662"
"363100012082466"
"363100012084346"
"363100012084346"
"363100012087304"
"363100012087304"
"363100012088371"
"363100012088783"
"363100012088993"
"363100012090734"
"363100012093177"
"363100012093177"
"363100012094473"
"363100012098218"
"363100012100498"
"363100012100643"
"363100012101204"
"363100012101244"
"363100012101244"
"363100012101572"
"363100012101572"
"363100012102770"
"363100012105023"
"363100012105979"
"363100012106014"
"363100012106320"
"363100012106320"
"363100012106522"
"363100012106522"
"363100012106522"
"363100012106672"
"363100012110057"
"363100012111844"
"363100012111844"
"363100012111844"
"363100012112116"
"363100012113041"
"363100012114693"
"363100012115492"
"363100012118371"
"363100012118371"
"363100012118573"
"363100012118573"
"363100012118912"
"363100012120958"
"363100012120958"
"363100012120958"
"363100012122748"
"363100012125056"
"363100012126764"
"363100012126764"
"363100012126764"
"363100012127119"
"363100012127119"
"363100012127315"
"363100012127777"
"363100012128859"
"363100012131593"
"363100012131593"
"363100012131593"
"363100012131790"
"363100012132145"
"363100012132145"
"363100012132378"
"363100012132378"
"363100012133715"
"363100012134716"
"363100012136023"
"363100012136349"
"363100012136349"
"363100012137483"
"363100012139216"
"363100012139704"
"363100012140538"
"363100012141940"
"363100012141971"
"363100012143058"
"363100012144170"
"363100012149609"
"363100012149609"
"363100012151766"
"363100012152165"
"363100012154423"
"363100012154693"
"363100012155074"
"363100012155074"
"363100012155074"
"363100012155122"
"363100012155122"
"363100012192438"
"363100012192438"
"363100012192438"
"363100012062957"
"363100012063542"
"363100012063793"
"363100012063793"
"363100012063885"
"363100012063885"
"363100012064318"
"363100012064704"
"363100012066518"
"363100012066518"
"363100012067593"
"363100012067608"
"363100012067608"
"363100012067608"
"363100012067669"
"363100012067669"
"363100012067824"
"363100012067824"
"363100012067824"
"363100012067893"
"363100012068319"
"363100012068420"
"363100012068799"
"363100012069268"
"363100012070558"
"363100012070558"
"363100012070840"
"363100012071199"
"363100012071199"
"363100012071222"
"363100012072179"
"363100012073004"
"363100012073004"
"363100012073558"
"363100012074351"
"363100012075125"
"363100012075406"
"363100012075691"
"363100012075691"
"363100012077515"
"363100012078862"
"363100012080529"
"363100012080529"
"363100012080641"
"363100012080641"
"363100012080687"
"363100012080687"
"363100012082643"
"363100012084030"
"363100012084205"
"363100012084422"
"363100012084495"
"363100012085394"
"363100012085705"
"363100012087232"
"363100012087602"
"363100012087960"
"363100012088231"
"363100012090180"
"363100012091380"
"363100012091380"
"363100012091380"
"363100012092438"
"363100012092876"
"363100012092876"
"363100012094081"
"363100012094081"
"363100012095357"
"363100012095357"
"363100012095453"
"363100012095783"
"363100012095788"
"363100012095788"
"363100012096053"
"363100012096053"
"363100012096605"
"363100012096713"
"363100012098234"
"363100012098234"
"363100012098249"
"363100012098590"
"363100012098590"
"363100012098666"
"363100012098666"
"363100012100475"
"363100012101596"
"363100012102024"
"363100012102043"
"363100012102660"
"363100012102718"
"363100012103237"
"363100012103249"
"363100012103249"
"363100012103350"
"363100012103815"
"363100012103815"
"363100012104482"
"363100012104869"
"363100012107189"
"363100012107806"
"363100012107806"
"363100012107946"
"363100012109165"
"363100012113523"
"363100012114382"
"363100012114888"
"363100012115585"
"363100012115697"
"363100012115733"
"363100012115975"
"363100012115975"
"363100012116547"
"363100012116547"
"363100012117045"
"363100012117541"
"363100012117733"
"363100012117880"
"363100012117880"
"363100012118033"
"363100012118128"
"363100012119245"
"363100012119915"
"363100012120016"
"363100012124090"
"363100012124090"
"363100012125026"
"363100012125234"
"363100012126524"
"363100012127225"
"363100012127225"
"363100012127302"
"363100012128919"
"363100012128919"
"363100012129680"
"363100012129680"
"363100012129785"
"363100012129819"
"363100012129855"
"363100012130742"
"363100012130807"
"363100012130947"
"363100012131120"
"363100012132373"
"363100012133536"
"363100012134315"
"363100012134741"
"363100012135553"
"363100012136151"
"363100012136500"
"363100012136948"
"363100012136948"
"363100012136994"
"363100012138118"
"363100012138118"
"363100012138207"
"363100012138209"
"363100012138209"
"363100012139657"
"363100012140551"
"363100012141022"
"363100012141022"
"363100012141022"
"363100012141152"
"363100012141448"
"363100012142184"
"363100012142279"
"363100012142279"
"363100012144199"
"363100012144617"
"363100012147434"
"363100012147434"
"363100012147971"
"363100012147971"
"363100012147971"
"363100012148183"
"363100012149278"
"363100012149278"
"363100012150116"
"363100012150443"
"363100012150897"
"363100012152057"
"363100012154037"
"363100012154037"
"363100012154747"
"363100012160075"
"363100012163433"
"363100012166560"
"363100012166560"
"363100012166560"
"363100012226497"
"363100012226497"
"363100012061456"
"363100012061456"
"363100012061456"
"363100012063360"
"363100012063934"
"363100012063934"
"363100012064009"
"363100012066376"
"363100012066376"
"363100012066376"
"363100012066757"
"363100012067073"
"363100012067073"
"363100012067073"
"363100012067690"
"363100012070731"
"363100012070731"
"363100012070731"
"363100012073432"
"363100012073432"
"363100012075279"
"363100012075279"
"363100012076359"
"363100012077905"
"363100012078761"
"363100012080090"
"363100012080090"
"363100012082568"
"363100012083595"
"363100012083595"
"363100012084034"
"363100012084034"
"363100012084591"
"363100012084777"
"363100012086083"
"363100012086083"
"363100012086203"
"363100012086203"
"363100012086203"
"363100012087113"
"363100012087838"
"363100012087838"
"363100012088699"
"363100012088699"
"363100012088706"
"363100012088706"
"363100012091621"
"363100012092260"
"363100012092260"
"363100012092260"
"363100012094249"
"363100012095705"
"363100012095705"
"363100012096773"
"363100012096773"
"363100012097248"
"363100012097248"
"363100012098160"
"363100012104620"
"363100012105727"
"363100012106582"
"363100012107024"
"363100012107024"
"363100012108065"
"363100012108637"
"363100012108637"
"363100012108741"
"363100012108741"
"363100012108888"
"363100012109709"
"363100012109709"
"363100012110863"
"363100012110863"
"363100012111076"
"363100012111076"
"363100012112087"
"363100012112087"
"363100012113215"
"363100012113215"
"363100012113215"
"363100012114940"
"363100012120812"
"363100012121163"
"363100012121411"
"363100012122545"
"363100012122545"
"363100012122545"
"363100012123274"
"363100012124815"
"363100012124936"
"363100012125784"
"363100012127627"
"363100012127627"
"363100012128072"
"363100012128151"
"363100012129721"
"363100012129721"
"363100012129721"
"363100012129755"
"363100012131908"
"363100012131908"
"363100012131908"
"363100012132935"
"363100012134448"
"363100012134696"
"363100012134696"
"363100012134696"
"363100012135384"
"363100012135384"
"363100012136778"
"363100012136778"
"363100012138217"
"363100012138784"
"363100012140720"
"363100012140720"
"363100012140720"
"363100012142250"
"363100012142250"
"363100012142715"
"363100012143819"
"363100012143819"
"363100012143819"
"363100012144399"
"363100012144517"
"363100012144983"
"363100012144983"
"363100012145725"
"363100012145725"
"363100012145725"
"363100012148178"
"363100012148178"
"363100012148245"
"363100012148245"
"363100012148245"
"363100012151359"
"363100012151359"
"363100012154064"
"363100012154064"
"363100012061775"
"363100012062001"
"363100012062001"
"363100012062983"
"363100012063562"
"363100012063562"
"363100012063564"
"363100012064735"
"363100012065211"
"363100012066760"
"363100012066760"
"363100012067451"
"363100012067451"
"363100012067759"
"363100012067759"
"363100012067759"
"363100012067847"
"363100012068015"
"363100012068015"
"363100012068077"
"363100012068077"
"363100012068154"
"363100012068506"
"363100012069634"
"363100012069634"
"363100012070729"
"363100012071114"
"363100012071503"
"363100012071719"
"363100012072459"
"363100012073140"
"363100012074256"
"363100012074443"
"363100012074795"
"363100012074902"
"363100012075223"
"363100012075223"
"363100012078276"
"363100012081153"
"363100012082122"
"363100012082257"
"363100012082528"
"363100012082778"
"363100012082778"
"363100012085006"
"363100012086023"
"363100012086089"
"363100012086089"
"363100012087963"
"363100012087963"
"363100012088445"
"363100012088445"
"363100012089621"
"363100012091122"
"363100012091122"
"363100012091122"
"363100012091125"
"363100012091125"
"363100012093331"
"363100012093609"
"363100012094238"
"363100012094627"
"363100012094627"
"363100012094772"
"363100012095074"
"363100012095074"
"363100012096578"
"363100012097284"
"363100012097835"
"363100012097835"
"363100012100781"
"363100012101416"
"363100012102701"
"363100012102701"
"363100012103072"
"363100012103072"
"363100012103400"
"363100012103400"
"363100012103475"
"363100012103475"
"363100012103475"
"363100012103574"
"363100012104354"
"363100012104354"
"363100012104354"
"363100012105453"
"363100012105453"
"363100012106277"
"363100012106277"
"363100012106818"
"363100012107015"
"363100012107015"
"363100012107015"
"363100012108111"
"363100012108111"
"363100012108971"
"363100012108971"
"363100012108971"
"363100012110139"
"363100012110139"
"363100012110139"
"363100012110146"
"363100012112404"
"363100012112697"
"363100012113397"
"363100012113675"
"363100012113752"
"363100012114511"
"363100012114690"
"363100012114690"
"363100012116005"
"363100012116925"
"363100012117896"
"363100012119420"
"363100012121102"
"363100012124101"
"363100012124436"
"363100012124947"
"363100012125286"
"363100012125679"
"363100012126053"
"363100012126290"
"363100012128709"
"363100012128875"
"363100012129099"
"363100012129269"
"363100012129901"
"363100012129901"
"363100012130773"
"363100012131206"
"363100012131206"
"363100012131347"
"363100012131919"
"363100012131919"
"363100012132446"
"363100012132446"
"363100012132696"
"363100012132696"
"363100012133716"
"363100012133716"
"363100012134543"
"363100012135130"
"363100012137024"
"363100012137708"
"363100012137708"
"363100012137994"
"363100012137994"
"363100012139359"
"363100012139374"
"363100012139379"
"363100012139379"
"363100012139591"
"363100012139941"
"363100012140643"
"363100012142369"
"363100012142597"
"363100012142597"
"363100012143657"
"363100012143950"
"363100012143950"
"363100012144108"
"363100012149561"
"363100012150170"
"363100012150243"
"363100012150849"
"363100012150849"
"363100012151143"
"363100012152034"
"363100012152205"
"363100012154863"
"363100012161149"
"363100012161149"
"363100012161149"
"363100012062198"
"363100012064397"
"363100012066674"
"363100012066674"
"363100012066674"
"363100012069664"
"363100012075763"
"363100012075763"
"363100012075763"
"363100012079558"
"363100012079716"
"363100012079716"
"363100012083914"
"363100012083914"
"363100012083914"
"363100012084649"
"363100012095803"
"363100012095803"
"363100012101700"
"363100012103127"
"363100012104108"
"363100012106803"
"363100012115854"
"363100012115854"
"363100012115854"
"363100012118364"
"363100012119168"
"363100012122654"
"363100012122654"
"363100012122654"
"363100012128837"
"363100012129620"
"363100012139870"
"363100012139870"
"363100012141077"
"363100012141257"
"363100012152649"
"363100012160112"
"363100012200132"
"363100012200132"
"363100012239384"
"363100012239384"
"363100012242967"
"363100012243267"
"363100012243267"
"363100012243299"
"363100012243299"
"363100012244586"
"363100012244586"
"363100012244593"
"363100012244593"
"363100012244593"
"363100012244724"
"363100012062481"
"363100012064807"
"363100012067559"
"363100012074813"
"363100012074813"
"363100012074813"
"363100012075284"
"363100012075284"
"363100012079321"
"363100012081578"
"363100012081578"
"363100012081856"
"363100012088420"
"363100012089968"
"363100012091154"
"363100012097157"
"363100012097157"
"363100012097157"
"363100012099873"
"363100012099873"
"363100012099873"
"363100012102825"
"363100012103028"
"363100012103145"
"363100012103156"
"363100012103156"
"363100012104123"
"363100012109274"
"363100012109274"
"363100012109274"
"363100012111200"
"363100012112133"
"363100012112133"
"363100012112251"
"363100012112251"
"363100012112252"
"363100012113586"
"363100012113586"
"363100012114583"
"363100012117991"
"363100012117991"
"363100012118324"
"363100012122366"
"363100012122907"
"363100012122907"
"363100012122907"
"363100012128674"
"363100012139424"
"363100012140290"
"363100012140290"
"363100012140290"
"363100012141970"
"363100012141970"
"363100012144547"
"363100012144547"
"363100012148064"
"363100012148180"
"363100012148916"
"363100012150253"
"363100012154011"
"363100012101156"
"363100012131784"
"363100012131784"
"363100012131784"
"363100012061471"
"363100012063721"
"363100012064402"
"363100012064696"
"363100012069222"
"363100012069248"
"363100012069257"
"363100012069263"
"363100012069263"
"363100012070693"
"363100012071826"
"363100012072285"
"363100012072285"
"363100012072423"
"363100012072897"
"363100012072897"
"363100012072973"
"363100012073419"
"363100012073419"
"363100012074378"
"363100012074705"
"363100012076967"
"363100012076972"
"363100012077820"
"363100012078298"
"363100012078298"
"363100012078298"
"363100012078693"
"363100012079165"
"363100012081172"
"363100012081172"
"363100012081313"
"363100012081313"
"363100012081313"
"363100012082155"
"363100012082704"
"363100012084097"
"363100012085531"
"363100012087714"
"363100012090276"
"363100012090293"
"363100012090586"
"363100012091488"
"363100012091660"
"363100012092955"
"363100012092955"
"363100012093265"
"363100012093457"
"363100012093457"
"363100012093903"
"363100012094755"
"363100012094755"
"363100012094929"
"363100012094986"
"363100012096853"
"363100012097189"
"363100012097189"
"363100012097256"
"363100012097467"
"363100012097900"
"363100012101334"
"363100012101334"
"363100012102943"
"363100012104563"
"363100012104563"
"363100012105632"
"363100012107067"
"363100012107067"
"363100012108261"
"363100012108261"
"363100012108560"
"363100012112922"
"363100012112922"
"363100012112922"
"363100012114844"
"363100012114997"
"363100012116144"
"363100012118313"
"363100012118565"
"363100012119027"
"363100012120487"
"363100012120487"
"363100012121200"
"363100012122955"
"363100012124180"
"363100012124649"
"363100012124649"
"363100012124649"
"363100012125405"
"363100012126442"
"363100012126442"
"363100012126689"
"363100012127252"
"363100012128390"
"363100012128834"
"363100012128834"
"363100012129086"
"363100012129086"
"363100012129133"
"363100012129133"
"363100012129421"
"363100012129421"
"363100012129731"
"363100012130174"
"363100012132139"
"363100012132633"
"363100012132633"
"363100012132633"
"363100012134790"
"363100012136124"
"363100012136124"
"363100012136821"
"363100012137516"
"363100012138883"
"363100012139626"
"363100012140190"
"363100012140518"
"363100012140518"
"363100012142546"
"363100012142546"
"363100012142810"
"363100012144718"
"363100012147705"
"363100012148620"
"363100012149706"
"363100012151440"
"363100012152194"
"363100012061267"
"363100012063327"
"363100012064306"
"363100012064306"
"363100012064306"
"363100012064732"
"363100012065544"
"363100012067002"
"363100012067002"
"363100012067342"
"363100012067342"
"363100012069236"
"363100012070808"
"363100012071917"
"363100012073998"
"363100012073998"
"363100012075113"
"363100012075113"
"363100012076069"
"363100012076069"
"363100012076069"
"363100012077392"
"363100012077392"
"363100012078460"
"363100012078989"
"363100012081679"
"363100012081935"
"363100012081935"
"363100012081935"
"363100012083420"
"363100012084540"
"363100012084931"
"363100012086413"
"363100012086413"
"363100012086413"
"363100012086807"
"363100012086807"
"363100012087981"
"363100012087981"
"363100012090692"
"363100012091214"
"363100012092495"
"363100012093155"
"363100012093158"
"363100012093198"
"363100012093198"
"363100012093355"
"363100012093355"
"363100012095421"
"363100012095551"
"363100012095855"
"363100012096550"
"363100012097130"
"363100012097130"
"363100012097414"
"363100012097414"
"363100012097414"
"363100012099524"
"363100012100294"
"363100012100294"
"363100012100294"
"363100012102001"
"363100012102059"
"363100012102484"
"363100012102484"
"363100012102484"
"363100012103932"
"363100012106981"
"363100012106981"
"363100012106981"
"363100012107393"
"363100012107929"
"363100012109673"
"363100012110004"
"363100012110004"
"363100012111005"
"363100012111005"
"363100012111106"
"363100012111625"
"363100012112440"
"363100012112760"
"363100012112760"
"363100012113001"
"363100012113660"
"363100012113725"
"363100012113725"
"363100012113725"
"363100012114307"
"363100012114574"
"363100012114574"
"363100012114574"
"363100012115479"
"363100012115479"
"363100012115479"
"363100012115686"
"363100012115686"
"363100012115923"
"363100012116455"
"363100012117038"
"363100012117038"
"363100012117038"
"363100012117600"
"363100012117600"
"363100012119892"
"363100012120276"
"363100012120276"
"363100012120736"
"363100012120938"
"363100012120980"
"363100012120980"
"363100012121944"
"363100012121972"
"363100012121972"
"363100012122136"
"363100012122918"
"363100012123380"
"363100012124089"
"363100012125809"
"363100012126722"
"363100012126881"
"363100012127200"
"363100012127200"
"363100012127561"
"363100012127776"
"363100012127776"
"363100012127776"
"363100012127901"
"363100012128963"
"363100012128963"
"363100012129401"
"363100012129416"
"363100012130411"
"363100012130411"
"363100012130411"
"363100012132658"
"363100012132658"
"363100012132658"
"363100012133115"
"363100012133115"
"363100012134806"
"363100012134806"
"363100012134991"
"363100012134991"
"363100012134991"
"363100012135020"
"363100012135020"
"363100012137163"
"363100012137163"
"363100012137446"
"363100012137446"
"363100012137446"
"363100012137685"
"363100012137685"
"363100012137685"
"363100012138934"
"363100012140505"
"363100012140505"
"363100012140505"
"363100012140578"
"363100012140578"
"363100012140578"
"363100012142542"
"363100012142584"
"363100012142584"
"363100012143698"
"363100012145518"
"363100012146152"
"363100012146685"
"363100012148138"
"363100012148138"
"363100012148138"
"363100012148243"
"363100012148969"
"363100012148969"
"363100012149337"
"363100012149337"
"363100012149464"
"363100012150926"
"363100012150926"
"363100012152099"
"363100012152099"
"363100012153941"
"363100012153941"
"363100012155230"
"363100012155260"
"363100012155260"
"363100012155260"
"363100012158675"
"363100012158675"
"363100012158675"
"363100012161121"
"363100012061320"
"363100012061320"
"363100012061320"
"363100012062685"
"363100012062685"
"363100012062781"
"363100012062781"
"363100012062781"
"363100012063568"
"363100012067959"
"363100012067959"
"363100012068155"
"363100012068155"
"363100012068560"
"363100012068560"
"363100012068842"
"363100012071401"
"363100012071401"
"363100012072629"
"363100012075357"
"363100012077012"
"363100012077012"
"363100012077012"
"363100012078962"
"363100012078962"
"363100012078962"
"363100012083058"
"363100012086364"
"363100012098676"
"363100012101028"
"363100012101135"
"363100012101433"
"363100012101433"
"363100012101433"
"363100012102316"
"363100012102316"
"363100012102316"
"363100012104056"
"363100012104056"
"363100012108963"
"363100012111769"
"363100012112279"
"363100012112368"
"363100012112374"
"363100012115895"
"363100012117934"
"363100012118120"
"363100012118120"
"363100012118120"
"363100012125036"
"363100012125036"
"363100012125285"
"363100012126394"
"363100012126394"
"363100012126394"
"363100012126791"
"363100012126791"
"363100012128943"
"363100012132500"
"363100012132500"
"363100012132500"
"363100012132942"
"363100012132942"
"363100012132942"
"363100012133357"
"363100012136655"
"363100012138555"
"363100012138802"
"363100012138802"
"363100012139382"
"363100012143308"
"363100012143308"
"363100012143308"
"363100012143352"
"363100012143352"
"363100012143352"
"363100012146065"
"363100012146209"
"363100012146209"
"363100012146209"
"363100012147037"
"363100012147037"
"363100012147764"
"363100012147764"
"363100012147764"
"363100012148059"
"363100012148059"
"363100012148586"
"363100012149222"
"363100012149222"
"363100012149222"
"363100012150751"
"363100012152097"
"363100012152097"
"363100012153985"
"363100012062955"
"363100012064074"
"363100012064074"
"363100012064074"
"363100012067347"
"363100012067347"
"363100012067349"
"363100012067349"
"363100012067448"
"363100012068276"
"363100012068276"
"363100012068622"
"363100012069860"
"363100012071927"
"363100012071927"
"363100012071927"
"363100012072267"
"363100012072267"
"363100012072267"
"363100012072900"
"363100012073048"
"363100012073048"
"363100012073095"
"363100012073095"
"363100012075414"
"363100012075796"
"363100012076169"
"363100012076169"
"363100012076169"
"363100012078206"
"363100012078206"
"363100012078320"
"363100012079944"
"363100012079944"
"363100012080297"
"363100012080358"
"363100012080447"
"363100012080447"
"363100012080505"
"363100012080718"
"363100012081493"
"363100012081493"
"363100012082598"
"363100012082598"
"363100012083142"
"363100012085564"
"363100012086197"
"363100012087214"
"363100012087214"
"363100012088492"
"363100012088492"
"363100012089269"
"363100012089269"
"363100012090347"
"363100012090347"
"363100012090347"
"363100012090665"
"363100012090665"
"363100012090943"
"363100012091429"
"363100012092543"
"363100012092543"
"363100012092927"
"363100012092927"
"363100012093900"
"363100012095046"
"363100012095046"
"363100012096308"
"363100012096854"
"363100012096854"
"363100012096854"
"363100012099979"
"363100012099979"
"363100012100496"
"363100012100496"
"363100012101062"
"363100012101610"
"363100012103138"
"363100012103138"
"363100012103138"
"363100012103233"
"363100012104706"
"363100012104961"
"363100012104961"
"363100012105036"
"363100012105092"
"363100012105092"
"363100012105177"
"363100012105509"
"363100012105926"
"363100012106796"
"363100012106796"
"363100012106796"
"363100012109480"
"363100012111530"
"363100012112679"
"363100012112875"
"363100012112878"
"363100012112878"
"363100012112878"
"363100012112978"
"363100012112978"
"363100012112978"
"363100012116062"
"363100012116364"
"363100012116888"
"363100012116966"
"363100012116966"
"363100012118225"
"363100012118225"
"363100012118225"
"363100012120046"
"363100012120046"
"363100012120365"
"363100012120365"
"363100012120365"
"363100012123125"
"363100012123235"
"363100012123235"
"363100012123235"
"363100012123996"
"363100012124079"
"363100012124702"
"363100012125525"
"363100012125525"
"363100012125914"
"363100012127756"
"363100012127883"
"363100012128106"
"363100012129973"
"363100012130293"
"363100012130293"
"363100012130848"
"363100012130848"
"363100012130848"
"363100012132397"
"363100012132568"
"363100012132568"
"363100012132568"
"363100012133399"
"363100012135140"
"363100012135192"
"363100012135251"
"363100012137419"
"363100012137419"
"363100012137904"
"363100012140104"
"363100012140104"
"363100012141175"
"363100012141175"
"363100012141286"
"363100012141286"
"363100012141477"
"363100012142067"
"363100012143497"
"363100012144666"
"363100012144711"
"363100012145142"
"363100012145451"
"363100012145451"
"363100012147359"
"363100012147359"
"363100012147603"
"363100012147603"
"363100012148836"
"363100012149083"
"363100012149083"
"363100012150877"
"363100012150994"
"363100012154819"
"363100012154819"
"363100012242134"
"363100012242134"
"363100012242134"
"363100012061165"
"363100012061165"
"363100012061764"
"363100012063258"
"363100012063258"
"363100012065501"
"363100012066597"
"363100012066597"
"363100012066597"
"363100012068408"
"363100012071734"
"363100012073307"
"363100012073307"
"363100012073551"
"363100012074177"
"363100012074177"
"363100012074177"
"363100012079522"
"363100012079522"
"363100012082308"
"363100012082308"
"363100012082308"
"363100012083139"
"363100012083139"
"363100012083277"
"363100012086322"
"363100012088318"
"363100012092097"
"363100012092097"
"363100012093902"
"363100012093902"
"363100012097305"
"363100012097305"
"363100012097372"
"363100012097372"
"363100012097565"
"363100012100311"
"363100012100311"
"363100012100662"
"363100012100903"
"363100012100903"
"363100012102613"
"363100012108815"
"363100012108815"
"363100012108815"
"363100012109315"
"363100012109315"
"363100012111092"
"363100012111092"
"363100012111092"
"363100012114105"
"363100012114105"
"363100012115703"
"363100012115703"
"363100012116098"
"363100012116098"
"363100012121019"
"363100012123130"
"363100012123324"
"363100012123324"
"363100012126610"
"363100012126610"
"363100012126859"
"363100012127651"
"363100012127651"
"363100012132262"
"363100012132262"
"363100012138902"
"363100012142908"
"363100012144626"
"363100012144626"
"363100012145353"
"363100012145548"
"363100012146108"
"363100012146108"
"363100012147408"
"363100012147408"
"363100012148930"
"363100012148930"
"363100012150346"
"363100012150346"
"363100012061826"
"363100012061826"
"363100012061826"
"363100012062880"
"363100012062880"
"363100012062880"
"363100012063821"
"363100012063821"
"363100012070534"
"363100012076481"
"363100012076481"
"363100012076481"
"363100012079860"
"363100012079860"
"363100012079860"
"363100012081681"
"363100012081681"
"363100012081681"
"363100012082124"
"363100012082124"
"363100012082124"
"363100012090015"
"363100012099833"
"363100012099833"
"363100012099833"
"363100012115614"
"363100012115898"
"363100012118359"
"363100012118359"
"363100012118359"
"363100012120044"
"363100012120044"
"363100012121598"
"363100012121598"
"363100012121598"
"363100012121715"
"363100012121715"
"363100012121715"
"363100012127437"
"363100012127437"
"363100012127437"
"363100012142062"
"363100012142062"
"363100012142062"
"363100012147208"
"363100012147208"
"363100012147208"
"363100012148434"
"363100012148434"
"363100012148434"
"363100012149120"
"363100012149120"
"363100012149120"
"363100012149879"
"363100012149879"
"363100012149879"
"363100012150528"
"363100012150528"
"363100012241635"
"363100012241635"
"363100012241635"
"363100012189510"
"363100012199260"
"363100012199260"
"363100012199260"
"363100012237787"
"363100012237787"
"363100012067781"
"363100012067781"
"363100012067781"
"363100012075582"
"363100012075582"
"363100012085506"
"363100012085506"
"363100012085506"
"363100012151652"
"363100012151652"
"363100012151652"
"363100012193498"
"363100012237789"
"363100012237789"
"363100012237789"
"363100012113226"
"363100012113226"
"363100012113226"
"363100012137839"
"363100012137839"
"363100012137839"
"363100012239398"
"363100012239398"
"363100012239398"
"363100012239477"
"363100012110577"
"363100012110577"
"363100012115303"
"363100012115303"
"363100012115303"
"363100012157704"
"363100012157704"
"363100012226059"
"363100012226059"
"363100012243631"
"363100012243631"
"363100012063206"
"363100012069032"
"363100012069637"
"363100012069637"
"363100012070255"
"363100012072092"
"363100012073115"
"363100012073115"
"363100012073115"
"363100012073477"
"363100012073477"
"363100012075421"
"363100012083773"
"363100012083773"
"363100012084895"
"363100012084895"
"363100012085602"
"363100012086481"
"363100012086481"
"363100012086481"
"363100012088391"
"363100012088391"
"363100012088391"
"363100012089813"
"363100012089813"
"363100012089813"
"363100012091832"
"363100012091832"
"363100012091832"
"363100012094653"
"363100012101740"
"363100012101740"
"363100012105851"
"363100012118137"
"363100012118137"
"363100012119638"
"363100012122583"
"363100012127027"
"363100012134105"
"363100012134105"
"363100012134105"
"363100012135584"
"363100012135584"
"363100012135770"
"363100012137162"
"363100012137162"
"363100012137162"
"363100012141447"
"363100012141447"
"363100012150534"
"363100012150534"
"363100012062433"
"363100012062433"
"363100012063764"
"363100012063764"
"363100012063764"
"363100012064710"
"363100012064710"
"363100012064710"
"363100012066886"
"363100012066886"
"363100012066886"
"363100012067058"
"363100012067471"
"363100012067471"
"363100012067471"
"363100012068492"
"363100012068955"
"363100012068955"
"363100012068955"
"363100012069144"
"363100012069144"
"363100012069144"
"363100012069731"
"363100012069731"
"363100012069978"
"363100012069978"
"363100012069978"
"363100012071483"
"363100012072081"
"363100012072631"
"363100012072631"
"363100012072631"
"363100012073241"
"363100012073241"
"363100012073241"
"363100012075549"
"363100012075549"
"363100012075758"
"363100012075758"
"363100012077279"
"363100012077279"
"363100012078483"
"363100012078483"
"363100012079496"
"363100012079496"
"363100012079636"
"363100012079636"
"363100012079636"
"363100012079890"
"363100012079890"
"363100012079890"
"363100012081298"
"363100012081725"
"363100012082075"
"363100012082075"
"363100012082075"
"363100012083612"
"363100012083612"
"363100012083612"
"363100012083805"
"363100012083805"
"363100012085064"
"363100012085182"
"363100012085182"
"363100012085182"
"363100012089773"
"363100012090425"
"363100012090425"
"363100012090425"
"363100012090823"
"363100012091130"
"363100012091130"
"363100012091527"
"363100012091527"
"363100012091527"
"363100012091681"
"363100012091681"
"363100012091798"
"363100012091798"
"363100012092304"
"363100012092304"
"363100012093189"
"363100012093189"
"363100012093242"
"363100012093242"
"363100012094515"
"363100012094827"
"363100012094827"
"363100012094827"
"363100012095172"
"363100012095172"
"363100012096632"
"363100012096632"
"363100012098353"
"363100012098353"
"363100012098353"
"363100012099423"
"363100012101977"
"363100012101977"
"363100012101977"
"363100012103402"
"363100012103402"
"363100012103402"
"363100012105539"
"363100012105539"
"363100012106750"
"363100012106750"
"363100012106774"
"363100012108432"
"363100012108432"
"363100012108670"
"363100012108670"
"363100012108670"
"363100012108837"
"363100012108837"
"363100012108837"
"363100012110670"
"363100012110670"
"363100012111812"
"363100012112277"
"363100012112277"
"363100012112620"
"363100012112620"
"363100012112847"
"363100012112847"
"363100012114363"
"363100012114921"
"363100012114921"
"363100012114921"
"363100012115133"
"363100012115133"
"363100012115266"
"363100012115266"
"363100012115266"
"363100012115839"
"363100012115839"
"363100012115839"
"363100012116461"
"363100012116461"
"363100012116461"
"363100012118096"
"363100012118096"
"363100012118096"
"363100012120239"
"363100012120239"
"363100012120599"
"363100012120599"
"363100012120599"
"363100012120740"
"363100012122295"
"363100012122295"
"363100012122295"
"363100012122374"
"363100012122374"
"363100012122671"
"363100012123126"
"363100012123152"
"363100012124670"
"363100012124697"
"363100012124697"
"363100012126110"
"363100012126110"
"363100012126168"
"363100012126168"
"363100012126168"
"363100012126172"
"363100012126172"
"363100012126172"
"363100012126763"
"363100012127618"
"363100012127618"
"363100012127618"
"363100012129063"
"363100012129063"
"363100012129063"
"363100012129069"
"363100012129069"
"363100012129069"
"363100012129318"
"363100012131269"
"363100012131269"
"363100012131269"
"363100012132324"
"363100012132324"
"363100012133009"
"363100012133009"
"363100012133588"
"363100012133830"
"363100012135312"
"363100012135312"
"363100012136250"
"363100012136250"
"363100012137269"
"363100012137293"
"363100012137293"
"363100012137293"
"363100012138516"
"363100012138788"
"363100012139834"
"363100012140509"
"363100012140509"
"363100012140902"
"363100012140902"
"363100012140902"
"363100012140931"
"363100012140931"
"363100012140931"
"363100012141085"
"363100012141085"
"363100012141085"
"363100012142412"
"363100012143154"
"363100012143154"
"363100012144969"
"363100012144969"
"363100012145312"
"363100012145312"
"363100012145312"
"363100012145841"
"363100012145841"
"363100012146703"
"363100012146703"
"363100012146703"
"363100012149659"
"363100012149659"
"363100012149898"
"363100012149898"
"363100012151232"
"363100012241059"
"363100012241059"
"363100012241059"
"363100012113205"
"363100012093767"
"363100012093767"
"363100012093767"
"363100012103536"
"363100012103536"
"363100012103536"
"363100012142440"
"363100012142440"
"363100012207503"
"363100012207503"
"363100012207503"
"363100012238049"
"363100012231054"
"363100012231054"
"363100012106743"
"363100012106743"
"363100012133235"
"363100012133235"
"363100012133235"
"363100012142504"
"363100012142504"
"363100012078772"
"363100012078772"
"363100012103346"
"363100012238909"
"363100012238909"
"363100012238909"
"363100012239271"
"363100012239271"
"363100012239271"
"363100012072732"
"363100012072732"
"363100012072732"
"363100012061395"
"363100012061395"
"363100012061891"
"363100012061891"
"363100012064550"
"363100012064550"
"363100012065269"
"363100012065269"
"363100012066583"
"363100012066728"
"363100012066728"
"363100012067380"
"363100012067380"
"363100012068940"
"363100012068940"
"363100012068940"
"363100012069148"
"363100012069256"
"363100012069256"
"363100012069256"
"363100012070235"
"363100012071604"
"363100012071604"
"363100012071604"
"363100012077131"
"363100012077803"
"363100012081643"
"363100012084483"
"363100012084483"
"363100012084483"
"363100012087107"
"363100012087107"
"363100012087107"
"363100012087545"
"363100012087545"
"363100012087692"
"363100012090272"
"363100012090272"
"363100012090272"
"363100012090999"
"363100012090999"
"363100012090999"
"363100012091030"
"363100012091030"
"363100012092059"
"363100012092059"
"363100012092059"
"363100012092177"
"363100012092177"
"363100012092802"
"363100012092802"
"363100012095651"
"363100012095651"
"363100012095651"
"363100012095680"
"363100012096922"
"363100012096922"
"363100012098447"
"363100012098447"
"363100012098447"
"363100012101428"
"363100012101428"
"363100012103563"
"363100012103563"
"363100012103563"
"363100012104261"
"363100012104459"
"363100012104459"
"363100012104459"
"363100012107088"
"363100012107088"
"363100012107538"
"363100012107538"
"363100012108073"
"363100012108073"
"363100012108073"
"363100012108184"
"363100012108184"
"363100012110437"
"363100012110437"
"363100012110437"
"363100012117044"
"363100012117044"
"363100012117044"
"363100012119553"
"363100012119553"
"363100012120463"
"363100012120463"
"363100012121199"
"363100012121199"
"363100012121552"
"363100012121552"
"363100012122107"
"363100012122107"
"363100012128535"
"363100012128535"
"363100012128535"
"363100012129053"
"363100012133293"
"363100012136662"
"363100012136662"
"363100012138739"
"363100012138739"
"363100012139407"
"363100012139407"
"363100012143092"
"363100012143092"
"363100012143092"
"363100012144407"
"363100012144407"
"363100012144407"
"363100012144559"
"363100012147043"
"363100012151713"
"363100012151713"
"363100012064010"
"363100012064539"
"363100012064539"
"363100012064539"
"363100012068140"
"363100012068140"
"363100012068140"
"363100012070157"
"363100012076637"
"363100012076637"
"363100012076637"
"363100012078003"
"363100012078003"
"363100012078003"
"363100012104849"
"363100012104849"
"363100012104849"
"363100012113244"
"363100012113244"
"363100012113244"
"363100012113764"
"363100012113764"
"363100012113764"
"363100012121615"
"363100012121615"
"363100012121615"
"363100012125130"
"363100012125130"
"363100012125130"
"363100012132877"
"363100012132877"
"363100012132877"
"363100012086100"
"363100012086100"
"363100012061974"
"363100012061974"
"363100012065285"
"363100012073221"
"363100012074330"
"363100012076118"
"363100012076118"
"363100012076153"
"363100012078520"
"363100012086226"
"363100012091238"
"363100012091238"
"363100012107326"
"363100012121807"
"363100012121807"
"363100012125058"
"363100012140562"
"363100012142148"
"363100012144599"
"363100012148435"
"363100012148435"
"363100012064923"
"363100012083843"
"363100012085015"
"363100012085350"
"363100012096210"
"363100012097598"
"363100012097755"
"363100012100914"
"363100012100914"
"363100012105893"
"363100012105893"
"363100012110622"
"363100012111506"
"363100012112121"
"363100012115692"
"363100012124678"
"363100012126433"
"363100012127341"
"363100012130231"
"363100012131577"
"363100012138491"
"363100012143063"
"363100012241022"
"363100012241022"
"363100012096765"
"363100012096765"
"363100012061547"
"363100012061684"
"363100012062197"
"363100012062197"
"363100012062253"
"363100012063012"
"363100012063012"
"363100012065975"
"363100012066031"
"363100012066031"
"363100012067795"
"363100012068453"
"363100012068453"
"363100012069310"
"363100012070197"
"363100012070197"
"363100012072720"
"363100012075770"
"363100012079334"
"363100012080127"
"363100012080339"
"363100012080339"
"363100012084439"
"363100012086376"
"363100012087438"
"363100012087438"
"363100012088235"
"363100012088235"
"363100012089140"
"363100012092272"
"363100012092657"
"363100012093405"
"363100012096022"
"363100012096023"
"363100012096023"
"363100012097079"
"363100012097079"
"363100012100412"
"363100012101352"
"363100012101663"
"363100012101810"
"363100012102280"
"363100012102602"
"363100012102602"
"363100012103075"
"363100012104915"
"363100012105661"
"363100012106802"
"363100012107298"
"363100012107298"
"363100012108292"
"363100012109873"
"363100012110811"
"363100012110831"
"363100012110831"
"363100012111040"
"363100012111444"
"363100012111444"
"363100012112051"
"363100012115049"
"363100012115646"
"363100012115798"
"363100012120585"
"363100012121282"
"363100012122032"
"363100012124874"
"363100012124874"
"363100012125296"
"363100012125839"
"363100012126759"
"363100012127053"
"363100012127071"
"363100012127904"
"363100012127904"
"363100012129778"
"363100012129778"
"363100012131048"
"363100012132097"
"363100012137495"
"363100012137495"
"363100012137865"
"363100012137865"
"363100012137967"
"363100012139911"
"363100012139911"
"363100012139911"
"363100012141250"
"363100012141250"
"363100012141267"
"363100012142648"
"363100012142648"
"363100012142877"
"363100012142877"
"363100012143606"
"363100012143662"
"363100012149404"
"363100012149404"
"363100012151136"
"363100012151136"
"363100012154801"
"363100012154801"
"363100012061683"
"363100012061683"
"363100012069571"
"363100012069571"
"363100012083639"
"363100012083639"
"363100012084249"
"363100012093040"
"363100012093040"
"363100012095419"
"363100012095419"
"363100012095419"
"363100012095447"
"363100012095447"
"363100012095757"
"363100012100315"
"363100012100315"
"363100012100621"
"363100012100913"
"363100012100913"
"363100012101264"
"363100012101264"
"363100012101595"
"363100012106872"
"363100012107412"
"363100012107412"
"363100012107413"
"363100012108492"
"363100012108492"
"363100012108522"
"363100012116951"
"363100012121670"
"363100012123399"
"363100012123399"
"363100012123399"
"363100012123400"
"363100012123400"
"363100012123400"
"363100012126571"
"363100012128982"
"363100012130173"
"363100012130173"
"363100012132624"
"363100012139832"
"363100012145405"
"363100012148212"
"363100012148212"
"363100012149409"
"363100012149409"
"363100012150154"
"363100012067656"
"363100012073562"
"363100012081807"
"363100012094607"
"363100012096478"
"363100012100924"
"363100012100924"
"363100012102101"
"363100012102757"
"363100012102757"
"363100012102757"
"363100012104597"
"363100012106145"
"363100012106145"
"363100012106145"
"363100012124037"
"363100012124538"
"363100012136665"
"363100012138533"
"363100012138533"
"363100012138533"
"363100012139507"
"363100012143112"
"363100012143689"
"363100012145372"
"363100012148143"
"363100012148143"
"363100012148439"
"363100012148439"
"363100012149751"
"363100012149751"
"363100012149751"
"363100012149799"
"363100012153920"
"363100012153920"
"363100012063163"
"363100012065387"
"363100012065835"
"363100012065901"
"363100012068589"
"363100012068609"
"363100012069361"
"363100012069361"
"363100012069362"
"363100012069362"
"363100012070541"
"363100012075079"
"363100012075366"
"363100012075366"
"363100012075367"
"363100012076689"
"363100012077951"
"363100012077951"
"363100012079213"
"363100012079213"
"363100012079213"
"363100012080189"
"363100012082429"
"363100012082429"
"363100012082622"
"363100012082622"
"363100012083006"
"363100012083006"
"363100012084706"
"363100012085792"
"363100012088343"
"363100012088343"
"363100012090221"
"363100012096102"
"363100012096102"
"363100012100606"
"363100012102690"
"363100012109273"
"363100012109273"
"363100012109642"
"363100012109642"
"363100012111989"
"363100012111990"
"363100012111990"
"363100012112364"
"363100012112364"
"363100012112364"
"363100012120830"
"363100012121539"
"363100012121539"
"363100012122620"
"363100012122620"
"363100012122620"
"363100012122621"
"363100012122621"
"363100012124407"
"363100012125917"
"363100012125917"
"363100012130015"
"363100012130120"
"363100012130120"
"363100012130121"
"363100012130121"
"363100012131025"
"363100012131025"
"363100012133421"
"363100012133912"
"363100012133912"
"363100012135480"
"363100012135544"
"363100012135874"
"363100012137849"
"363100012138954"
"363100012144571"
"363100012144571"
"363100012144894"
"363100012145614"
"363100012145614"
"363100012149425"
"363100012149687"
"363100012245156"
"363100012245157"
"363100012245158"
"363100012245158"
"363100012245158"
"363100012245159"
"363100012245159"
"363100012245159"
"363100012245160"
"363100012245160"
"363100012245160"
"363100012245161"
"363100012245161"
"363100012245161"
"363100012245168"
"363100012245168"
"363100012245168"
"363100012245169"
"363100012245169"
"363100012245169"
"363100012245170"
"363100012245170"
"363100012245170"
"363100012245171"
"363100012245171"
"363100012245171"
"363100012245172"
"363100012245172"
"363100012245172"
"363100012245173"
"363100012245173"
"363100012245173"
"363100012245174"
"363100012245174"
"363100012245175"
"363100012245175"
"363100012245175"
"363100012245184"
"363100012245184"
"363100012245184"
"363100012245185"
"363100012245185"
"363100012245185"
"363100012245186"
"363100012245186"
"363100012245186"
"363100012245187"
"363100012245187"
"363100012245187"
"363100012245188"
"363100012245188"
"363100012245188"
"363100012245189"
"363100012245189"
"363100012245189"
"363100012245196"
"363100012245196"
"363100012245196"
"363100012245199"
"363100012245199"
"363100012245201"
"363100012245208"
"363100012245209"
"363100012245209"
"363100012245210"
"363100012245210"
"363100012245211"
"363100012245211"
"363100012245212"
"363100012245212"
"363100012245213"
"363100012245213"
"363100012245220"
"363100012245220"
"363100012245220"
"363100012245221"
"363100012245221"
"363100012245222"
"363100012245222"
"363100012245222"
"363100012245223"
"363100012245223"
"363100012245223"
"363100012245224"
"363100012245224"
"363100012245224"
"363100012245225"
"363100012245225"
"363100012245225"
"363100012245226"
"363100012245226"
"363100012245226"
"363100012245227"
"363100012245227"
"363100012245227"
"363100012245236"
"363100012245236"
"363100012245236"
"363100012245237"
"363100012245237"
"363100012245237"
"363100012245238"
"363100012245238"
"363100012245238"
"363100012245239"
"363100012245239"
"363100012245239"
"363100012245240"
"363100012245240"
"363100012245240"
"363100012245241"
"363100012245241"
"363100012245241"
"363100012245249"
"363100012245249"
"363100012245251"
"363100012245256"
"363100012245256"
"363100012245257"
"363100012245258"
"363100012245259"
"363100012245260"
"363100012245268"
"363100012245268"
"363100012245268"
"363100012245269"
"363100012245269"
"363100012245269"
"363100012245270"
"363100012245270"
"363100012245270"
"363100012245271"
"363100012245271"
"363100012245271"
"363100012245272"
"363100012245272"
"363100012245272"
"363100012245273"
"363100012245273"
"363100012245273"
"363100012245274"
"363100012245274"
"363100012245274"
"363100012245275"
"363100012245275"
"363100012245275"
"363100012245287"
"363100012245288"
"363100012245297"
"363100012245297"
"363100012245298"
"363100012068188"
"363100012072931"
"363100012079669"
"363100012080043"
"363100012083004"
"363100012083004"
"363100012084902"
"363100012084902"
"363100012103777"
"363100012104231"
"363100012113161"
"363100012128755"
"363100012128755"
"363100012128755"
"363100012134824"
"363100012134824"
"363100012150160"
"363100012241745"
"363100012241745"
"363100012241746"
"363100012241746"
"363100012241746"
"363100012241988"
"363100012241988"
"363100012242466"
"363100012242466"
"363100012067931"
"363100012067931"
"363100012067931"
"363100012062161"
"363100012062161"
"363100012062161"
"363100012067251"
"363100012067251"
"363100012069352"
"363100012069352"
"363100012069506"
"363100012069506"
"363100012069506"
"363100012071702"
"363100012071702"
"363100012074027"
"363100012074027"
"363100012074153"
"363100012074732"
"363100012074732"
"363100012074732"
"363100012079719"
"363100012079719"
"363100012082444"
"363100012094262"
"363100012094262"
"363100012105751"
"363100012106594"
"363100012109999"
"363100012113332"
"363100012113332"
"363100012120197"
"363100012120197"
"363100012120197"
"363100012133713"
"363100012133713"
"363100012133713"
"363100012137347"
"363100012137347"
"363100012137347"
"363100012146807"
"363100012146807"
"363100012150527"
"363100012154102"
"363100012158087"
"363100012158087"
"363100012148926"
"363100012148926"
"363100012067925"
"363100012077472"
"363100012077472"
"363100012077472"
"363100012111809"
"363100012130234"
"363100012130234"
"363100012134399"
"363100012134399"
"363100012134399"
"363100012135423"
"363100012135423"
"363100012077078"
"363100012077078"
"363100012096192"
"363100012096192"
"363100012096192"
"363100012099741"
"363100012099741"
"363100012099741"
"363100012107131"
"363100012107131"
"363100012107131"
"363100012124643"
"363100012124643"
"363100012135040"
"363100012135040"
"363100012135040"
"363100012073869"
"363100012074918"
"363100012075634"
"363100012080188"
"363100012080188"
"363100012104870"
"363100012104870"
"363100012110318"
"363100012110318"
"363100012124216"
"363100012125906"
"363100012135622"
"363100012135622"
"363100012135622"
"363100012136606"
"363100012137963"
"363100012153951"
"363100012072202"
"363100012072202"
"363100012072202"
"363100012105337"
"363100012105337"
"363100012105337"
"363100012145090"
"363100012145090"
"363100012145090"
"363100012148500"
"363100012148500"
"363100012159229"
"363100012159229"
"363100012239870"
"363100012239870"
"363100012239870"
"363100012144901"
"363100012144901"
"363100012144901"
"363100012100685"
"363100012100685"
"363100012100685"
"363100012124261"
"363100012081653"
"363100012081653"
"363100012081653"
"363100012077159"
"363100012077159"
"363100012077159"
"363100012077507"
"363100012077507"
"363100012077562"
"363100012087410"
"363100012087410"
"363100012087410"
"363100012088598"
"363100012088598"
"363100012098368"
"363100012098368"
"363100012111640"
"363100012111640"
"363100012116007"
"363100012116007"
"363100012131095"
"363100012131095"
"363100012137408"
"363100012137408"
"363100012149639"
"363100012149639"
"363100012154510"
"363100012157744"
"363100012157744"
"363100012157744"
"363100012072348"
"363100012074806"
"363100012074806"
"363100012074806"
"363100012080198"
"363100012080198"
"363100012082197"
"363100012082735"
"363100012092025"
"363100012098108"
"363100012102238"
"363100012103904"
"363100012104749"
"363100012105797"
"363100012108947"
"363100012108947"
"363100012108947"
"363100012109741"
"363100012113742"
"363100012122018"
"363100012128060"
"363100012134131"
"363100012136856"
"363100012140964"
"363100012141318"
"363100012141318"
"363100012141318"
"363100012147621"
"363100012150579"
"363100012073391"
"363100012073391"
"363100012073391"
"363100012085999"
"363100012085999"
"363100012091657"
"363100012091657"
"363100012125805"
"363100012125805"
"363100012125805"
"363100012134530"
"363100012134530"
"363100012134530"
"363100012142685"
"363100012070294"
"363100012087591"
"363100012118507"
"363100012118507"
"363100012118680"
"363100012136036"
"363100012137154"
"363100012061363"
"363100012061363"
"363100012065082"
"363100012065082"
"363100012074325"
"363100012074325"
"363100012074325"
"363100012075854"
"363100012075854"
"363100012089030"
"363100012089030"
"363100012089030"
"363100012110386"
"363100012110386"
"363100012110453"
"363100012110453"
"363100012110453"
"363100012129550"
"363100012129550"
"363100012133995"
"363100012133995"
"363100012133995"
"363100012135739"
"363100012074875"
"363100012074875"
"363100012089959"
"363100012154659"
"363100012155062"
"363100012063702"
"363100012066692"
"363100012066692"
"363100012066692"
"363100012080257"
"363100012086836"
"363100012090980"
"363100012090981"
"363100012090981"
"363100012096546"
"363100012096547"
"363100012096547"
"363100012096609"
"363100012128234"
"363100012129469"
"363100012129469"
"363100012142691"
"363100012142691"
"363100012149966"
"363100012069712"
"363100012063427"
"363100012063427"
"363100012069979"
"363100012069979"
"363100012069979"
"363100012077640"
"363100012077640"
"363100012077640"
"363100012080702"
"363100012093669"
"363100012097762"
"363100012097762"
"363100012097762"
"363100012097969"
"363100012097969"
"363100012099664"
"363100012099664"
"363100012099664"
"363100012100131"
"363100012100131"
"363100012100131"
"363100012100289"
"363100012100289"
"363100012100289"
"363100012109645"
"363100012109645"
"363100012109645"
"363100012130138"
"363100012130138"
"363100012130138"
"363100012133747"
"363100012133747"
"363100012140813"
"363100012140813"
"363100012070555"
"363100012076154"
"363100012077083"
"363100012077083"
"363100012081420"
"363100012081420"
"363100012091742"
"363100012091742"
"363100012091742"
"363100012103881"
"363100012103881"
"363100012103881"
"363100012113802"
"363100012113802"
"363100012125884"
"363100012128827"
"363100012136701"
"363100012138404"
"363100012138404"
"363100012143874"
"363100012149497"
"363100012150175"
"363100012150276"
"363100012150276"
"363100012150276"
"363100012154831"
"363100012154831"
"363100012099434"
"363100012099434"
"363100012099434"
"363100012140734"
"363100012116809"
"363100012116809"
"363100012116809"
"363100012062787"
"363100012062787"
"363100012061639"
"363100012061639"
"363100012062561"
"363100012063799"
"363100012063799"
"363100012065017"
"363100012066289"
"363100012066920"
"363100012066920"
"363100012066920"
"363100012067024"
"363100012070101"
"363100012070101"
"363100012070101"
"363100012072410"
"363100012076466"
"363100012078530"
"363100012079848"
"363100012079848"
"363100012080431"
"363100012082055"
"363100012082055"
"363100012083691"
"363100012083691"
"363100012083691"
"363100012084939"
"363100012084960"
"363100012085175"
"363100012085953"
"363100012086792"
"363100012086792"
"363100012087876"
"363100012089349"
"363100012089349"
"363100012090644"
"363100012090644"
"363100012090644"
"363100012091764"
"363100012092346"
"363100012092346"
"363100012092346"
"363100012094172"
"363100012094172"
"363100012094172"
"363100012094928"
"363100012098888"
"363100012098888"
"363100012099221"
"363100012099221"
"363100012099828"
"363100012099828"
"363100012100169"
"363100012100169"
"363100012100229"
"363100012104904"
"363100012106870"
"363100012106870"
"363100012109524"
"363100012109524"
"363100012109602"
"363100012109602"
"363100012109651"
"363100012110792"
"363100012115291"
"363100012115291"
"363100012115291"
"363100012116250"
"363100012117372"
"363100012117372"
"363100012117372"
"363100012118725"
"363100012118983"
"363100012118983"
"363100012118983"
"363100012120021"
"363100012120908"
"363100012120908"
"363100012125204"
"363100012125204"
"363100012125380"
"363100012127663"
"363100012128230"
"363100012129368"
"363100012129368"
"363100012129644"
"363100012129644"
"363100012129933"
"363100012131168"
"363100012131168"
"363100012131168"
"363100012131872"
"363100012137287"
"363100012137600"
"363100012137600"
"363100012137600"
"363100012138510"
"363100012139653"
"363100012139653"
"363100012139824"
"363100012140220"
"363100012140220"
"363100012145952"
"363100012145952"
"363100012146203"
"363100012146708"
"363100012150996"
"363100012150996"
"363100012150996"
"363100012151608"
"363100012066421"
"363100012066421"
"363100012066421"
"363100012066738"
"363100012070529"
"363100012070529"
"363100012071289"
"363100012073430"
"363100012079057"
"363100012082632"
"363100012085038"
"363100012085692"
"363100012085692"
"363100012088440"
"363100012094401"
"363100012098672"
"363100012100757"
"363100012102680"
"363100012102759"
"363100012104174"
"363100012104258"
"363100012104317"
"363100012106848"
"363100012106848"
"363100012106848"
"363100012108387"
"363100012110375"
"363100012117167"
"363100012121065"
"363100012124729"
"363100012128267"
"363100012128267"
"363100012131792"
"363100012133207"
"363100012137263"
"363100012143589"
"363100012143589"
"363100012144998"
"363100012145019"
"363100012145019"
"363100012145234"
"363100012147096"
"363100012147153"
"363100012147369"
"363100012147419"
"363100012147419"
"363100012147900"
"363100012147900"
"363100012148629"
"363100012148629"
"363100012148629"
"363100012061347"
"363100012061347"
"363100012063182"
"363100012064682"
"363100012064682"
"363100012065157"
"363100012068418"
"363100012068418"
"363100012069715"
"363100012071999"
"363100012073363"
"363100012074415"
"363100012082784"
"363100012082784"
"363100012084015"
"363100012084345"
"363100012084345"
"363100012084979"
"363100012085308"
"363100012085621"
"363100012085747"
"363100012087459"
"363100012090340"
"363100012090340"
"363100012090565"
"363100012095129"
"363100012095129"
"363100012101992"
"363100012104365"
"363100012105864"
"363100012106630"
"363100012106630"
"363100012107699"
"363100012107699"
"363100012107847"
"363100012107847"
"363100012109153"
"363100012109153"
"363100012111317"
"363100012111971"
"363100012111971"
"363100012116345"
"363100012116345"
"363100012116345"
"363100012117352"
"363100012118708"
"363100012118708"
"363100012120058"
"363100012120058"
"363100012121370"
"363100012121370"
"363100012121370"
"363100012121987"
"363100012124116"
"363100012124116"
"363100012124116"
"363100012124854"
"363100012124854"
"363100012126542"
"363100012129001"
"363100012129224"
"363100012129633"
"363100012133117"
"363100012134017"
"363100012134218"
"363100012134218"
"363100012137514"
"363100012140053"
"363100012145793"
"363100012147320"
"363100012147320"
"363100012147572"
"363100012149614"
"363100012149614"
"363100012151787"
"363100012154589"
"363100012154589"
"363100012154664"
"363100012079330"
"363100012111796"
"363100012115750"
"363100012132941"
"363100012137173"
"363100012151395"
"363100012095063"
"363100012098307"
"363100012128969"
"363100012137719"
"363100012138374"
"363100012149086"
"363100012178697"
"363100012178769"
"363100012170919"
"363100012170919"
"363100012170919"
"363100012171128"
"363100012171128"
"363100012171572"
"363100012171572"
"363100012177691"
"363100012178854"
"363100012168257"
"363100012169158"
"363100012179888"
"363100012172213"
"363100012172213"
"363100012171809"
"363100012176539"
"363100012176840"
"363100012177608"
"363100012176843"
"363100012179723"
"363100012179723"
"363100012171144"
"363100012179143"
"363100012174374"
"363100012168738"
"363100012169858"
"363100012172716"
"363100012172716"
"363100012172725"
"363100012172725"
"363100012172726"
"363100012172726"
"363100012171826"
"363100012171826"
"363100012168098"
"363100012168098"
"363100012168098"
"363100012179121"
"363100012179121"
"363100012171889"
"363100012179379"
"363100012179379"
"363100012177027"
"363100012177027"
"363100012171784"
"363100012178515"
"363100012178515"
"363100012182275"
"363100012182275"
"363100012182668"
"363100012170274"
"363100012170652"
"363100012170652"
"363100012170652"
"363100012180557"
"363100012180557"
"363100012180772"
"363100012180772"
"363100012180772"
"363100012170788"
"363100012170788"
"363100012080215"
"363100012080215"
"363100012161126"
"363100012161126"
"363100012161126"
"363100012161518"
"363100012161518"
"363100012161518"
"363100012103916"
"363100012119337"
"363100012119337"
"363100012135859"
"363100012135859"
"363100012071737"
"363100012080177"
"363100012090336"
"363100012090336"
"363100012145558"
"363100012161965"
"363100012236786"
"363100012236786"
"363100012153053"
"363100012153053"
"363100012156840"
"363100012158161"
"363100012158161"
"363100012158161"
"363100012162945"
"363100012162945"
"363100012162945"
"363100012237030"
"363100012237030"
"363100012159036"
"363100012159036"
"363100012095051"
"363100012095051"
"363100012154161"
"363100012154161"
"363100012154161"
"363100012156641"
"363100012161225"
"363100012164795"
"363100012164795"
"363100012166186"
"363100012082955"
"363100012161402"
"363100012161419"
"363100012164646"
"363100012159893"
"363100012236910"
"363100012237372"
"363100012070928"
"363100012070928"
"363100012070928"
"363100012236196"
"363100012236196"
"363100012236196"
"363100012239566"
"363100012090182"
"363100012090182"
"363100012094816"
"363100012094816"
"363100012094816"
"363100012099865"
"363100012099865"
"363100012239581"
"363100012136439"
"363100012136439"
"363100012144348"
"363100012239565"
"363100012239565"
"363100012140275"
"363100012140275"
"363100012065877"
"363100012065877"
"363100012065877"
"363100012103830"
"363100012104375"
"363100012107328"
"363100012107328"
"363100012118537"
"363100012118537"
"363100012132022"
"363100012132022"
"363100012132022"
"363100012148038"
"363100012148038"
"363100012165718"
"363100012167004"
"363100012156915"
"363100012237174"
"363100012237174"
"363100012126407"
"363100012126407"
"363100012146974"
"363100012156976"
"363100012156976"
"363100012078805"
"363100012078805"
"363100012165133"
"363100012129127"
"363100012129127"
"363100012236800"
"363100012236544"
"363100012236544"
"363100012104007"
"363100012240319"
"363100012240319"
"363100012240319"
"363100012241376"
"363100012085060"
"363100012085060"
"363100012237252"
"363100012237252"
"363100012237304"
"363100012237304"
"363100012237304"
"363100012105777"
"363100012121398"
"363100012121398"
"363100012153841"
"363100012163976"
"363100012165839"
"363100012167072"
"363100012167072"
"363100012236542"
"363100012236542"
"363100012106344"
"363100012087884"
"363100012087884"
"363100012096573"
"363100012096573"
"363100012110795"
"363100012110795"
"363100012136391"
"363100012076936"
"363100012183136"
"363100012066028"
"363100012163298"
"363100012063955"
"363100012063955"
"363100012117287"
"363100012144204"
"363100012144204"
"363100012241807"
"363100012242126"
"363100012242126"
"363100012235922"
"363100012065162"
"363100012065435"
"363100012065435"
"363100012065435"
"363100012148815"
"363100012151738"
"363100012151738"
"363100012151738"
"363100012062024"
"363100012062024"
"363100012062024"
"363100012119400"
"363100012068796"
"363100012095864"
"363100012095864"
"363100012115236"
"363100012152199"
"363100012152199"
"363100012083212"
"363100012083212"
"363100012083212"
"363100012103871"
"363100012103871"
"363100012126473"
"363100012126473"
"363100012126473"
"363100012070409"
"363100012070409"
"363100012074176"
"363100012081031"
"363100012129891"
"363100012082749"
"363100012082749"
"363100012092364"
"363100012140629"
"363100012140629"
"363100012154523"
"363100012154523"
"363100012156113"
"363100012158998"
"363100012158998"
"363100012161352"
"363100012237114"
"363100012237114"
"363100012237114"
"363100012153620"
"363100012153620"
"363100012153620"
"363100012152896"
"363100012152896"
"363100012152896"
"363100012163181"
"363100012163181"
"363100012163181"
"363100012237012"
"363100012130582"
"363100012085599"
"363100012102662"
"363100012102662"
"363100012079805"
"363100012079805"
"363100012079805"
"363100012098714"
"363100012098714"
"363100012098714"
"363100012130779"
"363100012072095"
"363100012073586"
"363100012138843"
"363100012138843"
"363100012130392"
"363100012130392"
"363100012238666"
"363100012238666"
"363100012238666"
"363100012068101"
"363100012068101"
"363100012072023"
"363100012072023"
"363100012072023"
"363100012112853"
"363100012113048"
"363100012113048"
"363100012124477"
"363100012124477"
"363100012124477"
"363100012146883"
"363100012146883"
"363100012102912"
"363100012104516"
"363100012104516"
"363100012072346"
"363100012154551"
"363100012154551"
"363100012239619"
"363100012239619"
"363100012241744"
"363100012092587"
"363100012092587"
"363100012093958"
"363100012093958"
"363100012093958"
"363100012094693"
"363100012147941"
"363100012094011"
"363100012088135"
"363100012088135"
"363100012088135"
"363100012143944"
"363100012235970"
"363100012235970"
"363100012152633"
"363100012137147"
"363100012144956"
"363100012137334"
"363100012114296"
"363100012114296"
"363100012114296"
"363100012120238"
"363100012120238"
"363100012120238"
"363100012085707"
"363100012072736"
"363100012072736"
"363100012154087"
"363100012154087"
"363100012132683"
"363100012132683"
"363100012092742"
"363100012092742"
"363100012239985"
"363100012085183"
"363100012090214"
"363100012109685"
"363100012109685"
"363100012112643"
"363100012112643"
"363100012063715"
"363100012063715"
"363100012063715"
"363100012132215"
"363100012132215"
"363100012161949"
"363100012074281"
"363100012074281"
"363100012074281"
"363100012148423"
"363100012148423"
"363100012238696"
"363100012110708"
"363100012110708"
"363100012239648"
"363100012085435"
"363100012085435"
"363100012102549"
"363100012102549"
"363100012107217"
"363100012130970"
"363100012114651"
"363100012114651"
"363100012114651"
"363100012067557"
"363100012129323"
"363100012129323"
"363100012244408"
"363100012244408"
"363100012065372"
"363100012065372"
"363100012065372"
"363100012095956"
"363100012095956"
"363100012071615"
"363100012093717"
"363100012240347"
"363100012079375"
"363100012139402"
"363100012111095"
"363100012068602"
"363100012240300"
"363100012166089"
"363100012158398"
"363100012158398"
"363100012158398"
"363100012150279"
"363100012150279"
"363100012093280"
"363100012093280"
"363100012093280"
"363100012105433"
"363100012105433"
"363100012105433"
"363100012242475"
